20

16 24 21 29 19 36 39 24 31 19 12 26 46 76 121 136 91 101 86 111
26 46 76 121 136 91 101 86 111 96 16 24 21 29 19 36 39 24 31 19
9 11 29 16 9 26 21 34 41 17 14 27 33 45 53 62 71 84 98 55

0   7   10  6   12  9   8   11  14  6   9   15  18  22  27  31  35  40  47  28
7   0   6   8   5   9   10  12  9   8   11  16  19  21  25  28  31  35  41  26
10  6   0   7   8   7   11  10  12  9   12  18  21  23  27  29  33  36  43  27
6   8   7   0   7   10  12  9   8   10  13  17  20  23  26  28  31  35  41  25
12  5   8   7   0   14  15  12  10  7   9   14  17  19  23  26  29  32  38  23
9   9   7   10  14  0   8   10  7   12  13  19  21  24  27  31  34  37  43  28
8   10  11  12  15  8   0   16  13  10  11  17  19  23  26  29  32  35  41  25
11  12  10  9   12  10  16  0   13  11  13  18  21  24  28  31  35  38  44  28
14  9   12  8   10  7   13  13  0   14  15  21  23  27  31  34  37  41  47  32
6   8   9   10  7   12  10  11  14  0   9   14  18  21  25  28  31  34  41  24
9   11  12  13  9   13  11  13  15  9   0   15  18  21  25  28  31  34  41  27
15  16  18  17  14  19  17  18  21  14  15  0   12  16  20  23  27  31  37  22
18  19  21  20  17  21  19  21  23  18  18  12  0   14  17  21  24  28  34  21
22  21  23  23  19  24  23  24  27  21  21  16  14  0   12  17  20  25  30  22
27  25  27  26  23  27  26  28  31  25  25  20  17  12  0   10  14  20  26  17
31  28  29  28  26  31  29  31  34  28  28  23  21  17  10  0   8   13  20  16
35  31  33  31  29  34  32  35  37  31  31  27  24  20  14  8   0   10  17  20
40  35  36  35  32  37  35  38  41  34  34  31  28  25  20  13  10  0   8   24
47  41  43  41  38  43  41  44  47  41  41  37  34  30  26  20  17  8   0   20
28  26  27  25  23  28  25  28  32  24  27  22  21  22  17  16  20  24  20  0
