50

18 17 19 18 4 2 2 7 14 4 9 5 8 20 2 13 1 17 13 6 12 2 17 15 1 12 19 19 2 19 1 14 6 9 14 15 12 1 7 7 19 13 4 14 11 16 4 15 19 10
19 19 20 20 17 16 12 12 17 16 15 17 16 20 8 19 17 19 15 19 15 4 18 18 5 13 20 20 6 20 3 16 14 20 20 17 14 7 13 16 20 14 17 15 20 18 15 19 20 14
55 88 15 43 48 44 54 91 85 64 66 46 99 60 100 94 98 11 78 23 75 53 37 23 67 77 72 25 10 100 29 60 54 74 30 96 33 89 82 28 31 92 60 66 25 29 99 39 13 36

0 2 1 1 1 1 5 1 2 1 4 2 5 1 3 2 2 1 3 1 2 3 4 1 3 1 3 5 4 4 1 4 4 5 4 4 3 4 4 4 1 4 2 1 1 1 2 3 4 3
2 0 5 5 1 1 2 1 2 1 2 4 5 5 3 1 4 5 4 1 3 3 4 4 4 4 2 4 1 4 3 5 2 1 5 3 2 4 4 5 2 4 5 1 5 5 2 4 2 4
1 5 0 2 1 2 4 4 1 1 1 4 1 1 4 2 5 4 3 3 1 3 5 1 5 2 3 4 1 3 1 5 2 1 3 1 3 4 5 2 5 2 2 5 5 3 5 3 3 5
1 5 2 0 1 4 2 1 2 5 5 4 2 4 2 1 3 3 1 3 1 5 4 5 5 2 5 1 4 1 2 4 2 3 3 1 2 3 5 1 3 3 3 4 3 4 3 1 5 3
1 1 1 1 0 3 3 3 4 4 5 4 1 2 3 5 4 1 3 3 4 4 1 1 4 4 5 5 3 5 1 4 1 1 3 2 3 5 4 4 3 1 1 1 1 4 3 2 4 3
1 1 2 4 3 0 4 4 3 4 3 1 2 2 4 1 4 1 5 1 1 2 3 1 1 5 3 2 4 5 4 2 5 1 5 3 2 5 2 5 1 5 3 4 2 1 5 3 1 1
5 2 4 2 3 4 0 4 1 4 1 5 4 2 4 5 5 5 1 4 1 4 3 5 1 2 4 4 5 5 2 4 5 2 3 1 1 5 3 1 2 5 2 3 1 1 1 3 3 1
1 1 4 1 3 4 4 0 4 3 4 2 3 2 4 2 1 1 5 4 4 5 3 5 5 2 4 4 2 5 3 2 2 3 4 3 4 4 4 3 5 5 4 3 4 1 2 4 2 5
2 2 1 2 4 3 1 4 0 4 1 5 1 2 3 4 3 3 2 1 2 4 4 3 3 1 3 3 2 4 5 3 2 4 5 3 3 1 1 5 4 2 5 3 5 5 5 5 4 3
1 1 1 5 4 4 4 3 4 0 3 3 1 5 4 2 4 5 4 3 3 2 5 1 4 3 4 2 2 4 5 3 2 4 3 5 4 1 3 3 3 1 5 1 2 2 3 3 4 2
4 2 1 5 5 3 1 4 1 3 0 3 4 2 3 1 2 5 3 3 3 5 5 2 2 1 4 2 5 2 5 1 2 1 3 5 1 2 3 5 4 1 2 2 3 3 1 4 3 4
2 4 4 4 4 1 5 2 5 3 3 0 3 3 2 4 1 2 1 2 2 1 1 3 4 3 2 1 2 5 2 1 5 5 2 5 3 5 3 3 5 3 3 5 3 1 1 5 3 5
5 5 1 2 1 2 4 3 1 1 4 3 0 3 2 1 1 2 2 2 5 1 5 3 3 1 2 3 4 4 5 3 2 3 2 4 1 5 5 1 4 5 4 1 2 1 1 2 4 5
1 5 1 4 2 2 2 2 2 5 2 3 3 0 5 1 3 1 4 4 3 1 2 2 4 1 5 5 5 2 1 3 5 5 1 1 2 1 4 3 3 5 3 5 1 3 3 1 2 5
3 3 4 2 3 4 4 4 3 4 3 2 2 5 0 4 4 5 5 3 1 4 4 2 4 3 2 4 5 1 3 3 1 3 4 5 5 5 1 3 4 3 3 3 1 1 2 3 1 2
2 1 2 1 5 1 5 2 4 2 1 4 1 1 4 0 5 4 3 3 3 5 1 5 2 2 3 4 1 3 2 5 5 5 4 3 5 3 3 1 5 3 2 5 4 2 3 1 5 5
2 4 5 3 4 4 5 1 3 4 2 1 1 3 4 5 0 4 5 2 2 2 4 4 5 1 3 2 5 1 4 1 5 3 1 2 3 2 3 1 4 2 5 5 1 3 1 5 2 2
1 5 4 3 1 1 5 1 3 5 5 2 2 1 5 4 4 0 5 3 2 1 4 1 3 3 4 3 1 5 1 3 2 3 5 3 3 2 3 5 3 4 2 3 2 5 4 2 3 2
3 4 3 1 3 5 1 5 2 4 3 1 2 4 5 3 5 5 0 5 3 4 4 3 4 3 2 5 5 1 4 1 5 5 5 2 3 1 4 1 1 5 5 4 5 5 4 2 4 2
1 1 3 3 3 1 4 4 1 3 3 2 2 4 3 3 2 3 5 0 5 3 1 4 3 4 2 5 5 3 1 1 5 5 3 5 5 4 4 3 2 2 5 4 4 5 2 2 5 5
2 3 1 1 4 1 1 4 2 3 3 2 5 3 1 3 2 2 3 5 0 2 2 3 4 5 2 1 4 4 2 3 3 4 5 1 2 5 2 2 2 1 4 4 5 5 1 3 2 4
3 3 3 5 4 2 4 5 4 2 5 1 1 1 4 5 2 1 4 3 2 0 5 3 3 5 5 2 2 3 5 4 3 2 2 5 3 5 5 5 3 2 5 2 2 5 2 2 3 5
4 4 5 4 1 3 3 3 4 5 5 1 5 2 4 1 4 4 4 1 2 5 0 3 3 4 1 5 3 3 3 3 1 3 2 1 1 3 4 5 2 5 5 4 2 3 5 3 1 5
1 4 1 5 1 1 5 5 3 1 2 3 3 2 2 5 4 1 3 4 3 3 3 0 1 1 3 5 1 2 1 2 5 2 3 1 1 1 5 1 2 1 1 3 3 2 4 5 1 1
3 4 5 5 4 1 1 5 3 4 2 4 3 4 4 2 5 3 4 3 4 3 3 1 0 1 3 5 5 3 4 1 4 3 4 3 1 2 3 4 4 3 4 3 4 3 4 1 2 3
1 4 2 2 4 5 2 2 1 3 1 3 1 1 3 2 1 3 3 4 5 5 4 1 1 0 2 1 4 1 1 2 3 1 3 4 2 4 3 4 2 3 1 4 4 2 4 4 4 2
3 2 3 5 5 3 4 4 3 4 4 2 2 5 2 3 3 4 2 2 2 5 1 3 3 2 0 3 2 1 3 3 3 5 3 5 3 5 3 3 3 5 5 4 1 2 4 2 3 1
5 4 4 1 5 2 4 4 3 2 2 1 3 5 4 4 2 3 5 5 1 2 5 5 5 1 3 0 2 4 4 3 5 3 4 3 1 4 1 3 5 1 1 4 1 5 4 1 2 1
4 1 1 4 3 4 5 2 2 2 5 2 4 5 5 1 5 1 5 5 4 2 3 1 5 4 2 2 0 4 1 5 2 5 4 2 1 4 4 2 5 4 1 5 1 2 2 3 2 1
4 4 3 1 5 5 5 5 4 4 2 5 4 2 1 3 1 5 1 3 4 3 3 2 3 1 1 4 4 0 5 1 5 5 5 3 5 4 5 4 4 2 2 3 2 4 2 5 4 4
1 3 1 2 1 4 2 3 5 5 5 2 5 1 3 2 4 1 4 1 2 5 3 1 4 1 3 4 1 5 0 5 5 3 5 3 2 4 1 4 4 5 3 5 2 2 2 2 2 3
4 5 5 4 4 2 4 2 3 3 1 1 3 3 3 5 1 3 1 1 3 4 3 2 1 2 3 3 5 1 5 0 3 1 1 3 4 4 2 5 3 3 5 1 4 4 3 1 1 2
4 2 2 2 1 5 5 2 2 2 2 5 2 5 1 5 5 2 5 5 3 3 1 5 4 3 3 5 2 5 5 3 0 4 2 1 4 2 2 5 5 3 2 4 1 1 5 5 5 5
5 1 1 3 1 1 2 3 4 4 1 5 3 5 3 5 3 3 5 5 4 2 3 2 3 1 5 3 5 5 3 1 4 0 4 1 4 3 1 4 5 1 3 1 5 3 1 4 1 5
4 5 3 3 3 5 3 4 5 3 3 2 2 1 4 4 1 5 5 3 5 2 2 3 4 3 3 4 4 5 5 1 2 4 0 1 4 1 4 1 4 3 2 2 4 5 2 4 5 5
4 3 1 1 2 3 1 3 3 5 5 5 4 1 5 3 2 3 2 5 1 5 1 1 3 4 5 3 2 3 3 3 1 1 1 0 5 5 4 5 1 4 2 4 1 5 5 5 1 2
3 2 3 2 3 2 1 4 3 4 1 3 1 2 5 5 3 3 3 5 2 3 1 1 1 2 3 1 1 5 2 4 4 4 4 5 0 2 5 1 5 2 1 4 5 4 1 3 5 2
4 4 4 3 5 5 5 4 1 1 2 5 5 1 5 3 2 2 1 4 5 5 3 1 2 4 5 4 4 4 4 4 2 3 1 5 2 0 2 1 3 4 3 2 3 3 2 3 3 1
4 4 5 5 4 2 3 4 1 3 3 3 5 4 1 3 3 3 4 4 2 5 4 5 3 3 3 1 4 5 1 2 2 1 4 4 5 2 0 5 3 4 2 2 1 2 4 4 5 4
4 5 2 1 4 5 1 3 5 3 5 3 1 3 3 1 1 5 1 3 2 5 5 1 4 4 3 3 2 4 4 5 5 4 1 5 1 1 5 0 5 1 1 5 3 2 5 1 2 5
1 2 5 3 3 1 2 5 4 3 4 5 4 3 4 5 4 3 1 2 2 3 2 2 4 2 3 5 5 4 4 3 5 5 4 1 5 3 3 5 0 5 4 2 2 5 1 4 1 3
4 4 2 3 1 5 5 5 2 1 1 3 5 5 3 3 2 4 5 2 1 2 5 1 3 3 5 1 4 2 5 3 3 1 3 4 2 4 4 1 5 0 4 4 3 1 5 3 2 3
2 5 2 3 1 3 2 4 5 5 2 3 4 3 3 2 5 2 5 5 4 5 5 1 4 1 5 1 1 2 3 5 2 3 2 2 1 3 2 1 4 4 0 3 5 1 3 2 5 2
1 1 5 4 1 4 3 3 3 1 2 5 1 5 3 5 5 3 4 4 4 2 4 3 3 4 4 4 5 3 5 1 4 1 2 4 4 2 2 5 2 4 3 0 1 3 3 5 3 5
1 5 5 3 1 2 1 4 5 2 3 3 2 1 1 4 1 2 5 4 5 2 2 3 4 4 1 1 1 2 2 4 1 5 4 1 5 3 1 3 2 3 5 1 0 1 5 5 2 4
1 5 3 4 4 1 1 1 5 2 3 1 1 3 1 2 3 5 5 5 5 5 3 2 3 2 2 5 2 4 2 4 1 3 5 5 4 3 2 2 5 1 1 3 1 0 2 1 1 5
2 2 5 3 3 5 1 2 5 3 1 1 1 3 2 3 1 4 4 2 1 2 5 4 4 4 4 4 2 2 2 3 5 1 2 5 1 2 4 5 1 5 3 3 5 2 0 1 5 3
3 4 3 1 2 3 3 4 5 3 4 5 2 1 3 1 5 2 2 2 3 2 3 5 1 4 2 1 3 5 2 1 5 4 4 5 3 3 4 1 4 3 2 5 5 1 1 0 2 4
4 2 3 5 4 1 3 2 4 4 3 3 4 2 1 5 2 3 4 5 2 3 1 1 2 4 3 2 2 4 2 1 5 1 5 1 5 3 5 2 1 2 5 3 2 1 5 2 0 4
3 4 5 3 3 1 1 5 3 2 4 5 5 5 2 5 2 2 2 5 4 5 5 1 3 2 1 1 1 4 3 2 5 5 5 2 2 1 4 5 3 3 2 5 4 5 3 4 4 0
