50
6 6 5 4 3 3 11 12 1 13 16 15 16 16 2 1 10 19 12 10 20 7 3 20 9 1 11 6 8 3 12 9 11 5 11 17 6 20 6 14 2 2 1 8 5 5 12 3 9 16
209 182 39 335 419 359 151 355 508 134 198 609 120 170 580 518 237 331 488 36 538 564 23 506 220 2 14 47 405 413 274 394 290 471 307 382 440 466 593 90 93 103 292 552 556 576 259 244 433 68
40 20 36 76 43 44 37 70 44 44 60 99 62 94 96 39 60 11 69 55 75 21 25 17 50 74 34 24 21 32 22 70 96 83 90 54 36 62 57 64 58 26 80 15 42 36 43 32 61 50

0 3 2 2 2 3 4 2 2 1 3 3 2 4 3 4 5 4 1 3 2 4 5 5 5 3 1 5 3 1 3 3 5 4 2 5 2 5 2 1 5 5 1 3 4 3 5 1 5 4
3 0 4 4 5 3 5 2 2 4 2 1 1 4 4 4 3 4 2 2 1 3 5 1 4 4 1 1 5 3 3 4 4 3 1 1 4 4 4 5 1 5 3 1 2 2 2 3 4 4
2 4 0 2 4 4 2 5 2 2 5 4 2 2 3 5 1 4 4 2 5 4 5 3 1 3 1 2 3 2 3 3 3 4 4 3 5 3 1 1 4 3 5 1 5 3 4 1 2 2
2 4 2 0 1 4 1 4 4 4 1 1 5 1 2 4 4 4 5 4 2 3 3 3 1 2 1 3 1 3 3 1 4 2 4 2 2 5 3 1 3 4 5 4 4 1 3 2 1 5
2 5 4 1 0 2 1 1 4 3 3 3 4 2 2 2 2 3 4 3 5 3 3 1 2 2 1 2 5 5 4 5 1 5 2 2 1 5 1 1 3 2 5 1 3 1 1 3 2 2
3 3 4 4 2 0 1 5 1 5 5 1 2 2 3 4 2 2 1 2 1 3 2 3 2 3 3 5 4 1 2 5 4 4 1 2 1 2 5 2 4 3 5 4 1 4 5 5 3 4
4 5 2 1 1 1 0 5 1 5 2 3 2 4 3 1 1 4 5 4 5 2 4 1 4 3 1 1 3 1 3 1 5 3 1 2 3 5 3 3 2 1 1 4 5 3 4 5 1 4
2 2 5 4 1 5 5 0 3 5 2 1 1 4 5 3 5 3 4 5 5 4 5 3 4 2 2 5 4 2 2 5 4 5 5 3 1 3 4 1 2 2 3 3 3 3 4 5 3 3
2 2 2 4 4 1 1 3 0 5 5 5 3 2 2 5 4 3 3 1 3 5 2 2 5 3 3 2 5 1 1 2 2 5 2 5 3 5 5 5 1 3 4 2 4 5 3 1 5 4
1 4 2 4 3 5 5 5 5 0 4 4 2 3 5 4 4 4 4 3 4 2 5 1 2 2 3 1 3 3 1 2 3 2 5 4 3 1 4 2 1 4 3 1 1 1 3 1 1 3
3 2 5 1 3 5 2 2 5 4 0 2 1 1 1 2 4 5 3 3 4 3 1 1 3 4 4 3 5 2 3 5 3 4 5 2 1 2 5 5 1 1 2 3 4 1 2 1 4 5
3 1 4 1 3 1 3 1 5 4 2 0 2 2 5 4 3 4 2 4 1 4 5 4 4 5 1 5 4 1 5 2 3 5 3 2 3 5 4 2 4 2 1 2 1 5 3 4 1 3
2 1 2 5 4 2 2 1 3 2 1 2 0 3 1 1 1 2 3 3 3 5 3 5 3 5 3 5 5 5 4 1 2 4 3 4 4 1 5 4 5 2 1 4 2 4 5 2 1 3
4 4 2 1 2 2 4 4 2 3 1 2 3 0 1 5 5 4 4 1 5 4 3 3 5 1 1 4 5 5 5 1 5 3 5 5 2 1 5 3 4 5 3 1 1 2 5 5 5 1
3 4 3 2 2 3 3 5 2 5 1 5 1 1 0 5 5 4 1 1 2 2 3 3 1 2 3 2 2 5 2 5 5 4 2 3 2 3 5 2 5 5 3 2 1 2 3 2 1 3
4 4 5 4 2 4 1 3 5 4 2 4 1 5 5 0 3 1 1 3 1 2 5 3 1 3 4 1 1 1 3 4 3 4 5 2 3 3 3 4 4 2 3 2 2 1 3 3 1 2
5 3 1 4 2 2 1 5 4 4 4 3 1 5 5 3 0 5 3 2 1 3 4 3 4 1 1 4 1 3 2 3 1 2 5 5 5 1 1 2 3 3 1 2 5 3 3 4 1 1
4 4 4 4 3 2 4 3 3 4 5 4 2 4 4 1 5 0 4 1 4 3 5 3 4 1 2 4 4 1 2 5 2 2 5 2 1 3 2 1 4 2 3 3 1 5 2 5 1 4
1 2 4 5 4 1 5 4 3 4 3 2 3 4 1 1 3 4 0 3 4 4 3 1 3 4 5 3 4 3 4 5 5 3 1 5 3 2 1 5 2 5 2 3 2 3 1 2 4 5
3 2 2 4 3 2 4 5 1 3 3 4 3 1 1 3 2 1 3 0 3 4 1 1 5 2 2 5 4 2 3 5 3 1 5 1 2 2 4 2 3 5 2 3 5 1 4 4 5 1
2 1 5 2 5 1 5 5 3 4 4 1 3 5 2 1 1 4 4 3 0 2 4 4 2 4 1 4 5 1 3 1 3 4 4 1 4 5 5 4 2 2 5 5 3 2 3 5 4 3
4 3 4 3 3 3 2 4 5 2 3 4 5 4 2 2 3 3 4 4 2 0 4 2 1 1 5 4 4 1 3 1 3 1 3 4 5 2 2 3 1 1 5 4 1 5 5 1 2 1
5 5 5 3 3 2 4 5 2 5 1 5 3 3 3 5 4 5 3 1 4 4 0 3 5 3 4 2 2 2 2 3 3 1 4 2 1 5 2 3 5 3 2 2 2 3 4 4 5 5
5 1 3 3 1 3 1 3 2 1 1 4 5 3 3 3 3 3 1 1 4 2 3 0 1 3 5 5 1 2 2 3 1 2 3 1 1 2 2 4 5 1 3 5 4 3 4 3 2 2
5 4 1 1 2 2 4 4 5 2 3 4 3 5 1 1 4 4 3 5 2 1 5 1 0 1 4 5 2 5 1 3 2 3 4 2 1 4 1 2 3 4 2 3 3 5 3 5 2 3
3 4 3 2 2 3 3 2 3 2 4 5 5 1 2 3 1 1 4 2 4 1 3 3 1 0 1 5 3 5 1 1 2 4 2 2 5 4 2 2 1 4 1 1 2 1 1 1 2 3
1 1 1 1 1 3 1 2 3 3 4 1 3 1 3 4 1 2 5 2 1 5 4 5 4 1 0 3 4 3 4 2 1 1 3 2 5 4 5 3 4 4 5 4 4 1 1 5 5 3
5 1 2 3 2 5 1 5 2 1 3 5 5 4 2 1 4 4 3 5 4 4 2 5 5 5 3 0 3 4 5 5 5 3 3 3 3 3 5 1 1 3 5 2 1 1 3 1 3 4
3 5 3 1 5 4 3 4 5 3 5 4 5 5 2 1 1 4 4 4 5 4 2 1 2 3 4 3 0 3 3 5 5 3 3 5 4 3 4 3 3 1 4 2 2 1 5 2 3 3
1 3 2 3 5 1 1 2 1 3 2 1 5 5 5 1 3 1 3 2 1 1 2 2 5 5 3 4 3 0 3 3 3 2 4 4 5 4 2 1 3 5 3 2 1 1 4 4 1 5
3 3 3 3 4 2 3 2 1 1 3 5 4 5 2 3 2 2 4 3 3 3 2 2 1 1 4 5 3 3 0 1 5 1 2 3 5 4 4 4 4 4 2 2 1 3 5 5 2 3
3 4 3 1 5 5 1 5 2 2 5 2 1 1 5 4 3 5 5 5 1 1 3 3 3 1 2 5 5 3 1 0 5 2 2 4 5 1 1 3 1 2 2 2 3 3 3 3 1 2
5 4 3 4 1 4 5 4 2 3 3 3 2 5 5 3 1 2 5 3 3 3 3 1 2 2 1 5 5 3 5 5 0 3 4 5 1 3 1 4 3 5 2 4 3 4 3 5 3 4
4 3 4 2 5 4 3 5 5 2 4 5 4 3 4 4 2 2 3 1 4 1 1 2 3 4 1 3 3 2 1 2 3 0 2 2 4 2 3 2 4 5 5 2 4 4 2 5 3 1
2 1 4 4 2 1 1 5 2 5 5 3 3 5 2 5 5 5 1 5 4 3 4 3 4 2 3 3 3 4 2 2 4 2 0 1 4 1 3 3 4 1 1 4 4 1 2 2 2 3
5 1 3 2 2 2 2 3 5 4 2 2 4 5 3 2 5 2 5 1 1 4 2 1 2 2 2 3 5 4 3 4 5 2 1 0 3 5 2 5 5 3 5 1 5 3 4 4 4 5
2 4 5 2 1 1 3 1 3 3 1 3 4 2 2 3 5 1 3 2 4 5 1 1 1 5 5 3 4 5 5 5 1 4 4 3 0 2 5 3 3 1 4 3 1 4 2 1 5 5
5 4 3 5 5 2 5 3 5 1 2 5 1 1 3 3 1 3 2 2 5 2 5 2 4 4 4 3 3 4 4 1 3 2 1 5 2 0 5 2 3 5 3 1 5 4 2 4 2 4
2 4 1 3 1 5 3 4 5 4 5 4 5 5 5 3 1 2 1 4 5 2 2 2 1 2 5 5 4 2 4 1 1 3 3 2 5 5 0 5 1 1 5 4 4 4 1 2 1 5
1 5 1 1 1 2 3 1 5 2 5 2 4 3 2 4 2 1 5 2 4 3 3 4 2 2 3 1 3 1 4 3 4 2 3 5 3 2 5 0 5 5 1 3 1 5 1 2 4 5
5 1 4 3 3 4 2 2 1 1 1 4 5 4 5 4 3 4 2 3 2 1 5 5 3 1 4 1 3 3 4 1 3 4 4 5 3 3 1 5 0 5 1 4 3 3 1 3 1 3
5 5 3 4 2 3 1 2 3 4 1 2 2 5 5 2 3 2 5 5 2 1 3 1 4 4 4 3 1 5 4 2 5 5 1 3 1 5 1 5 5 0 3 3 3 2 3 4 3 2
1 3 5 5 5 5 1 3 4 3 2 1 1 3 3 3 1 3 2 2 5 5 2 3 2 1 5 5 4 3 2 2 2 5 1 5 4 3 5 1 1 3 0 5 1 1 5 4 4 4
3 1 1 4 1 4 4 3 2 1 3 2 4 1 2 2 2 3 3 3 5 4 2 5 3 1 4 2 2 2 2 2 4 2 4 1 3 1 4 3 4 3 5 0 3 4 4 2 5 1
4 2 5 4 3 1 5 3 4 1 4 1 2 1 1 2 5 1 2 5 3 1 2 4 3 2 4 1 2 1 1 3 3 4 4 5 1 5 4 1 3 3 1 3 0 5 4 4 2 5
3 2 3 1 1 4 3 3 5 1 1 5 4 2 2 1 3 5 3 1 2 5 3 3 5 1 1 1 1 1 3 3 4 4 1 3 4 4 4 5 3 2 1 4 5 0 1 1 4 4
5 2 4 3 1 5 4 4 3 3 2 3 5 5 3 3 3 2 1 4 3 5 4 4 3 1 1 3 5 4 5 3 3 2 2 4 2 2 1 1 1 3 5 4 4 1 0 2 1 3
1 3 1 2 3 5 5 5 1 1 1 4 2 5 2 3 4 5 2 4 5 1 4 3 5 1 5 1 2 4 5 3 5 5 2 4 1 4 2 2 3 4 4 2 4 1 2 0 2 1
5 4 2 1 2 3 1 3 5 1 4 1 1 5 1 1 1 1 4 5 4 2 5 2 2 2 5 3 3 1 2 1 3 3 2 4 5 2 1 4 1 3 4 5 2 4 1 2 0 3
4 4 2 5 2 4 4 3 4 3 5 3 3 1 3 2 1 4 5 1 3 1 5 2 3 3 3 4 3 5 3 2 4 1 3 5 5 4 5 5 3 2 4 1 5 4 3 1 3 0
