20

19 18 12 11 1 2 1 6 10 17 20 3 7 19 6 11 15 10 3 18
20 20 16 15 19 8 6 10 18 18 20 20 13 20 15 17 18 11 16 19
73 80 29 99 17 43 40 56 44 77 10 20 53 52 97 17 26 47 74 29

0 3 2 2 5 4 4 5 4 5 1 2 3 1 5 3 1 5 2 1
3 0 5 3 5 5 3 2 2 3 5 3 5 1 5 3 4 3 4 4
2 5 0 3 1 3 2 4 2 2 5 4 3 2 1 4 4 1 1 2
2 3 3 0 5 3 2 2 4 2 1 4 1 4 2 4 2 5 2 3
5 5 1 5 0 3 1 2 1 4 4 4 1 5 3 4 4 4 3 1
4 5 3 3 3 0 1 2 3 1 1 2 1 2 1 5 5 4 2 2
4 3 2 2 1 1 0 1 3 3 1 2 2 3 2 5 4 5 2 5
5 2 4 2 2 2 1 0 5 2 3 1 1 2 3 4 1 3 4 3
4 2 2 4 1 3 3 5 0 1 3 2 3 1 2 3 3 3 1 4
5 3 2 2 4 1 3 2 1 0 5 2 3 4 2 4 5 5 2 5
1 5 5 1 4 1 1 3 3 5 0 4 5 5 3 1 4 4 1 2
2 3 4 4 4 2 2 1 2 2 4 0 5 2 1 1 4 4 4 5
3 5 3 1 1 1 2 1 3 3 5 5 0 5 5 2 4 2 5 3
1 1 2 4 5 2 3 2 1 4 5 2 5 0 1 1 1 2 3 4
5 5 1 2 3 1 2 3 2 2 3 1 5 1 0 4 5 3 3 5
3 3 4 4 4 5 5 4 3 4 1 1 2 1 4 0 3 5 5 5
1 4 4 2 4 5 4 1 3 5 4 4 4 1 5 3 0 1 3 5
5 3 1 5 4 4 5 3 3 5 4 4 2 2 3 5 1 0 4 2
2 4 1 2 3 2 2 4 1 2 1 4 5 3 3 5 3 4 0 4
1 4 2 3 1 2 5 3 4 5 2 5 3 4 5 5 5 2 4 0
