100

2 15 6 11 13 15 8 8 3 4 9 1 5 8 11 7 20 7 7 8 11 4 6 3 8 9 19 5 4 18 19 12 3 9 7 11 20 7 16 14 7 8 18 15 1 17 4 19 12 1 8 10 9 5 13 11 15 20 2 16 14 12 2 17 16 11 6 7 11 11 10 5 14 4 2 10 1 8 9 11 1 20 18 17 20 19 15 7 12 16 8 20 18 13 7 15 4 6 9 14
11 19 16 16 17 19 19 19 11 7 17 6 16 13 14 20 20 11 16 17 14 7 20 20 15 17 20 7 17 19 20 16 19 15 13 20 20 15 18 20 15 13 20 17 6 19 9 20 16 8 9 12 10 13 16 20 19 20 10 19 19 13 3 18 18 13 16 17 15 13 20 15 15 18 7 12 19 20 13 20 17 20 20 20 20 20 16 11 15 20 18 20 20 17 9 20 18 10 18 17
79 17 61 99 21 41 70 90 34 33 81 58 40 46 97 75 39 98 59 53 40 98 38 97 28 52 68 67 91 97 15 48 60 27 78 11 99 44 59 84 27 22 56 87 58 66 94 72 92 20 36 84 99 34 27 89 95 61 43 64 48 26 79 70 12 14 99 11 10 42 45 13 52 52 71 68 98 97 92 33 41 26 85 48 45 21 65 50 70 95 49 96 69 90 26 79 59 33 30 28

0 5 4 4 5 5 3 4 3 2 2 4 1 5 3 2 4 1 4 2 3 3 2 4 4 1 2 2 5 4 1 4 4 2 4 1 3 1 2 2 3 4 4 2 4 4 1 3 5 5 3 5 4 3 5 1 4 3 4 2 2 3 4 4 1 3 3 5 1 2 2 2 3 3 1 3 1 5 2 1 2 4 4 4 3 3 3 1 2 3 4 1 4 3 1 5 4 3 4 5
5 0 5 1 5 1 1 2 3 4 5 1 1 5 4 3 3 5 3 3 4 4 5 2 3 2 2 4 1 2 3 2 1 5 2 2 5 4 3 3 2 4 5 1 1 4 3 2 2 5 2 4 3 4 3 3 5 1 3 2 5 4 2 3 4 1 5 1 5 2 4 3 1 1 1 4 5 1 3 1 4 1 2 1 2 2 5 4 2 3 2 1 2 4 3 4 1 3 4 1
4 5 0 1 1 3 4 1 5 5 5 2 5 1 2 2 3 4 5 1 5 5 2 4 2 5 3 4 3 2 2 2 3 5 3 4 5 4 1 3 5 5 1 1 1 2 1 5 5 3 3 4 2 3 2 2 1 5 4 5 3 1 5 3 3 4 4 2 1 5 1 1 1 2 1 1 5 5 4 3 1 3 5 2 5 3 3 3 4 5 5 3 4 4 4 3 2 1 3 1
4 1 1 0 5 5 1 2 5 2 5 2 4 4 5 2 5 4 4 1 1 1 5 1 5 3 5 4 2 5 3 4 3 2 5 3 5 5 1 1 4 1 4 1 1 2 2 3 1 4 3 2 3 1 4 1 4 2 3 1 4 5 2 2 2 3 1 5 3 3 5 5 5 2 3 3 2 4 4 5 2 4 1 4 3 4 5 5 4 3 5 1 2 3 2 4 3 2 1 5
5 5 1 5 0 3 5 2 5 3 3 1 2 2 3 4 1 1 5 1 2 1 3 1 3 3 4 5 1 5 5 4 5 1 3 2 5 1 3 2 1 5 1 1 5 2 3 1 4 3 5 1 1 3 4 3 2 4 3 4 5 1 5 3 2 5 5 3 1 3 1 5 4 5 5 2 1 5 4 3 1 2 1 2 3 3 4 3 5 1 5 1 5 4 2 5 5 4 4 2
5 1 3 5 3 0 2 3 5 3 1 2 5 2 3 2 5 3 4 3 4 1 3 4 1 3 1 5 2 2 4 3 2 3 5 4 5 4 4 5 4 4 1 5 1 1 3 4 2 1 5 2 1 3 1 2 1 1 5 5 1 4 3 5 4 1 5 2 5 2 3 2 2 1 5 1 5 3 2 4 5 5 3 5 1 3 1 1 1 4 1 5 3 4 3 3 4 5 5 4
3 1 4 1 5 2 0 2 5 5 2 1 1 1 1 2 3 5 1 4 4 3 3 3 1 2 5 2 1 4 3 5 4 1 4 4 1 3 3 3 4 2 1 1 1 2 3 1 4 5 2 5 5 5 2 5 5 5 1 3 3 2 1 4 5 1 3 2 4 1 4 4 2 5 1 3 5 4 2 4 1 4 2 1 2 4 1 5 5 1 3 4 5 3 1 4 3 4 2 3
4 2 1 2 2 3 2 0 1 3 3 2 2 4 2 1 4 2 4 5 1 4 2 3 2 2 2 1 1 4 5 4 4 5 4 1 2 1 4 3 5 3 4 2 5 1 1 2 4 5 2 1 2 5 1 4 4 4 4 1 5 5 5 5 5 5 5 4 4 4 2 1 4 3 3 4 2 4 2 3 4 4 4 5 1 5 1 1 2 1 5 3 5 1 4 3 5 3 2 5
3 3 5 5 5 5 5 1 0 2 1 3 1 3 5 5 1 2 3 1 5 2 1 5 1 1 5 5 4 1 3 1 2 4 4 3 3 4 4 4 1 3 2 4 2 5 4 2 5 3 2 3 1 2 2 5 1 4 1 1 1 2 2 3 5 2 2 3 3 4 5 4 1 4 5 4 3 2 2 1 2 3 3 2 3 2 5 4 2 5 1 5 1 5 5 5 2 1 2 2
2 4 5 2 3 3 5 3 2 0 4 3 1 5 2 4 1 3 4 2 4 3 5 1 4 1 5 2 3 2 2 5 3 3 5 5 3 2 4 1 5 2 1 2 4 2 3 4 2 4 4 2 1 2 5 2 1 4 4 5 3 5 4 1 3 4 5 1 5 2 5 5 4 4 3 1 5 4 4 5 2 4 2 3 3 3 4 4 1 4 2 4 1 3 4 4 3 4 5 2
2 5 5 5 3 1 2 3 1 4 0 4 5 3 1 4 3 3 3 4 3 3 5 4 5 2 3 2 2 2 3 4 5 1 1 3 5 1 3 5 1 4 2 2 5 1 2 3 3 3 2 5 2 4 4 5 5 2 1 4 3 5 4 5 4 4 2 1 4 2 5 1 2 4 3 1 4 4 3 4 4 3 2 4 4 5 1 4 4 4 3 3 5 1 5 3 4 4 3 3
4 1 2 2 1 2 1 2 3 3 4 0 3 2 1 5 1 4 4 5 1 3 2 5 5 5 3 2 1 1 4 4 5 2 2 5 2 4 3 2 1 1 3 5 5 4 1 4 5 5 4 5 3 2 1 1 3 3 3 4 3 3 2 4 2 4 5 4 3 4 2 4 1 2 1 3 1 2 2 3 2 4 2 2 1 2 1 2 2 5 2 1 1 2 1 4 4 2 2 5
1 1 5 4 2 5 1 2 1 1 5 3 0 5 3 1 1 4 2 4 1 3 5 2 5 5 3 2 3 5 4 3 5 2 2 1 5 3 3 5 2 4 5 2 1 5 3 5 2 4 2 4 1 1 5 5 2 3 5 1 5 1 4 5 4 4 5 4 1 2 2 1 5 4 4 5 3 1 5 3 5 1 4 2 1 4 3 4 5 2 5 3 5 4 4 3 2 3 3 5
5 5 1 4 2 2 1 4 3 5 3 2 5 0 3 4 4 4 1 1 5 2 4 1 2 1 4 4 5 3 4 1 1 4 5 2 1 2 5 5 4 4 4 1 4 2 1 1 5 1 5 5 4 5 2 5 3 5 2 3 4 4 3 4 1 5 3 5 5 4 4 3 4 1 4 5 4 5 5 1 2 5 4 2 3 1 1 1 4 4 4 2 4 3 2 2 1 2 3 1
3 4 2 5 3 3 1 2 5 2 1 1 3 3 0 4 1 4 4 1 3 4 5 1 1 4 5 5 2 2 4 2 1 2 5 3 1 4 2 1 2 2 4 1 3 2 3 3 4 2 4 5 2 1 5 2 4 4 2 4 2 1 1 4 4 3 2 3 2 4 3 4 2 4 4 1 5 2 1 2 2 1 3 5 1 1 4 4 4 1 2 2 2 2 3 1 3 2 3 5
2 3 2 2 4 2 2 1 5 4 4 5 1 4 4 0 5 3 1 5 2 1 4 1 1 3 2 3 5 3 1 5 5 4 4 2 5 2 1 5 2 3 2 4 2 3 5 4 3 2 4 3 4 1 2 3 1 3 4 4 2 5 5 5 4 2 1 5 1 5 4 2 4 1 2 5 1 1 4 5 3 1 5 4 2 4 1 2 4 5 3 3 1 1 1 3 2 2 2 5
4 3 3 5 1 5 3 4 1 1 3 1 1 4 1 5 0 2 3 4 2 5 2 3 4 3 5 4 1 2 3 5 4 2 3 1 3 3 2 2 1 5 2 1 1 2 2 5 1 2 3 4 5 5 1 1 1 1 1 1 4 4 3 1 4 4 2 2 3 1 2 2 5 3 4 1 5 2 1 2 1 3 2 3 5 5 1 4 4 3 5 5 2 5 1 1 4 1 2 5
1 5 4 4 1 3 5 2 2 3 3 4 4 4 4 3 2 0 4 4 4 1 1 5 5 3 1 4 3 5 3 5 4 1 1 5 1 2 5 1 4 3 5 5 4 4 4 4 4 3 3 2 2 2 3 5 5 4 4 3 5 3 5 1 1 4 1 2 3 1 1 5 4 4 2 4 3 5 5 4 5 2 4 2 4 5 4 1 2 1 1 5 3 4 3 5 1 4 2 2
4 3 5 4 5 4 1 4 3 4 3 4 2 1 4 1 3 4 0 4 4 5 3 1 2 2 2 4 5 4 1 1 4 5 4 3 1 2 4 1 5 5 3 4 4 2 3 2 5 3 1 1 2 2 5 5 3 4 4 1 1 5 4 1 5 2 3 3 4 2 1 4 1 5 3 3 2 3 4 5 5 1 4 4 3 3 4 3 1 2 3 1 2 2 2 4 5 2 1 2
2 3 1 1 1 3 4 5 1 2 4 5 4 1 1 5 4 4 4 0 4 1 4 5 5 5 5 2 3 2 1 3 5 3 5 5 5 4 4 3 1 4 2 3 5 2 4 3 1 1 2 4 3 4 2 1 3 5 2 1 5 3 1 3 1 2 1 4 2 3 4 2 3 3 4 5 3 5 5 5 5 1 5 1 1 2 3 2 4 1 3 1 3 1 5 2 5 4 4 5
3 4 5 1 2 4 4 1 5 4 3 1 1 5 3 2 2 4 4 4 0 5 4 1 5 4 1 3 5 5 2 1 5 3 1 1 1 3 5 1 2 1 4 3 1 1 1 3 3 4 1 5 5 3 3 2 5 1 5 5 2 3 3 5 5 1 2 4 1 4 2 3 5 1 1 1 1 1 4 3 2 4 2 5 3 1 2 3 5 5 1 3 4 1 3 1 5 4 2 5
3 4 5 1 1 1 3 4 2 3 3 3 3 2 4 1 5 1 5 1 5 0 3 2 2 5 5 4 4 2 3 2 3 2 2 5 5 1 3 2 4 5 1 1 4 3 3 4 5 2 5 2 1 4 5 4 3 2 5 5 3 2 4 1 1 4 2 3 5 3 3 5 1 5 1 5 3 4 4 1 4 2 3 5 2 3 2 1 5 3 4 4 4 1 4 3 2 5 2 3
2 5 2 5 3 3 3 2 1 5 5 2 5 4 5 4 2 1 3 4 4 3 0 2 5 2 1 2 4 4 3 3 1 3 5 4 2 3 5 5 4 3 2 3 1 3 1 1 5 5 2 2 4 5 4 5 1 3 1 2 3 2 5 4 5 3 5 5 3 1 5 5 3 5 2 3 1 2 5 3 1 3 4 5 5 4 5 3 2 2 5 2 2 2 1 1 3 2 2 2
4 2 4 1 1 4 3 3 5 1 4 5 2 1 1 1 3 5 1 5 1 2 2 0 4 2 5 1 2 2 2 3 3 2 4 1 3 3 4 4 3 3 4 4 5 5 4 1 4 2 4 5 3 3 3 4 2 3 4 4 2 1 4 2 1 3 1 4 2 3 3 5 1 1 5 2 4 5 1 3 3 4 1 1 2 2 4 1 2 1 4 5 5 4 1 4 2 4 3 2
4 3 2 5 3 1 1 2 1 4 5 5 5 2 1 1 4 5 2 5 5 2 5 4 0 4 3 4 1 2 5 4 5 1 3 4 4 1 3 2 3 3 5 5 2 2 3 4 5 3 5 3 2 3 3 1 4 5 1 5 1 5 5 3 2 2 5 4 2 3 2 3 3 4 4 4 5 5 3 3 3 3 5 1 1 1 3 2 3 1 5 5 4 5 4 1 1 1 3 1
1 2 5 3 3 3 2 2 1 1 2 5 5 1 4 3 3 3 2 5 4 5 2 2 4 0 1 1 4 1 3 2 2 5 4 1 1 4 2 1 2 2 3 5 2 3 5 4 4 2 1 3 2 3 5 2 1 2 1 5 1 4 4 1 1 5 1 3 5 2 4 1 3 4 2 5 4 1 3 4 1 5 2 5 2 3 4 4 2 2 1 4 3 2 4 2 4 5 5 4
2 2 3 5 4 1 5 2 5 5 3 3 3 4 5 2 5 1 2 5 1 5 1 5 3 1 0 3 1 2 2 5 4 4 5 3 4 3 2 4 2 2 3 2 2 1 4 1 5 1 3 3 3 4 3 4 4 4 5 4 1 2 3 5 1 5 4 2 2 4 3 2 4 3 5 5 5 2 3 4 4 5 2 1 2 2 5 5 5 4 5 1 1 4 2 4 5 5 1 4
2 4 4 4 5 5 2 1 5 2 2 2 2 4 5 3 4 4 4 2 3 4 2 1 4 1 3 0 2 3 1 5 3 3 4 2 5 1 3 5 2 2 4 5 4 2 5 2 2 3 3 4 1 5 5 1 1 5 1 5 2 5 2 1 3 3 1 1 5 3 5 5 5 2 3 5 3 4 5 3 5 1 4 5 3 2 5 3 1 4 4 5 2 1 1 1 1 3 4 1
5 1 3 2 1 2 1 1 4 3 2 1 3 5 2 5 1 3 5 3 5 4 4 2 1 4 1 2 0 1 4 1 5 5 2 2 4 5 4 5 4 2 2 5 1 4 4 2 4 2 5 3 3 3 2 2 5 2 3 2 3 4 5 3 1 5 4 4 5 1 1 4 5 4 2 3 4 5 5 2 5 5 5 1 4 4 1 4 5 1 5 2 5 4 3 4 1 1 5 5
4 2 2 5 5 2 4 4 1 2 2 1 5 3 2 3 2 5 4 2 5 2 4 2 2 1 2 3 1 0 5 1 3 2 3 4 4 5 2 1 4 5 2 3 1 5 1 2 2 4 2 2 4 3 2 2 4 3 5 5 4 2 2 4 2 3 5 4 4 2 1 1 1 2 1 3 4 2 3 2 2 1 5 5 3 3 1 5 5 2 1 5 3 4 4 5 3 2 4 5
1 3 2 3 5 4 3 5 3 2 3 4 4 4 4 1 3 3 1 1 2 3 3 2 5 3 2 1 4 5 0 4 2 1 4 1 2 2 2 4 3 3 3 4 1 4 3 3 1 2 4 3 3 3 3 2 4 5 3 1 3 4 4 1 3 3 3 4 4 5 5 3 2 3 3 4 4 3 3 3 2 4 3 1 1 1 3 3 1 1 5 4 1 4 3 5 2 5 1 5
4 2 2 4 4 3 5 4 1 5 4 4 3 1 2 5 5 5 1 3 1 2 3 3 4 2 5 5 1 1 4 0 3 1 2 1 2 2 3 5 1 2 4 5 2 1 1 3 5 3 1 5 5 4 4 3 2 1 3 1 5 5 4 5 4 2 1 5 1 4 3 3 5 1 1 5 4 5 5 3 3 2 1 2 5 5 4 5 1 2 1 2 5 4 2 4 2 3 2 3
4 1 3 3 5 2 4 4 2 3 5 5 5 1 1 5 4 4 4 5 5 3 1 3 5 2 4 3 5 3 2 3 0 1 1 1 3 1 1 2 1 4 2 2 4 1 5 3 5 3 3 3 5 2 1 4 1 2 3 3 1 1 1 1 2 2 3 2 5 2 5 1 5 5 5 4 4 3 5 5 4 5 3 5 5 5 4 2 5 3 5 4 4 2 5 1 3 4 2 1
2 5 5 2 1 3 1 5 4 3 1 2 2 4 2 4 2 1 5 3 3 2 3 2 1 5 4 3 5 2 1 1 1 0 1 1 2 2 1 5 4 3 2 3 3 5 1 3 5 1 5 4 5 4 3 5 5 1 3 3 3 2 4 3 2 5 4 4 1 3 5 2 4 4 4 3 4 2 2 1 4 1 5 4 1 5 2 3 3 2 3 1 2 1 3 5 3 1 3 1
4 2 3 5 3 5 4 4 4 5 1 2 2 5 5 4 3 1 4 5 1 2 5 4 3 4 5 4 2 3 4 2 1 1 0 2 4 2 1 5 5 2 5 4 3 1 5 1 5 3 4 4 1 2 2 1 4 3 5 4 3 2 1 4 1 5 4 3 2 4 5 2 3 1 5 5 3 1 3 1 3 5 4 1 1 2 4 5 3 4 2 2 4 1 4 5 4 3 4 5
1 2 4 3 2 4 4 1 3 5 3 5 1 2 3 2 1 5 3 5 1 5 4 1 4 1 3 2 2 4 1 1 1 1 2 0 4 3 1 2 1 1 2 4 1 2 4 5 4 2 3 3 2 2 5 1 1 2 5 4 1 4 2 1 2 3 3 1 2 2 1 3 4 3 3 1 3 4 1 4 5 2 2 1 4 1 1 2 1 3 5 1 1 2 4 2 3 3 1 5
3 5 5 5 5 5 1 2 3 3 5 2 5 1 1 5 3 1 1 5 1 5 2 3 4 1 4 5 4 4 2 2 3 2 4 4 0 3 4 2 5 2 3 1 1 2 1 3 5 3 2 5 4 3 3 3 5 5 2 3 2 1 1 2 3 3 5 2 4 3 4 4 4 2 3 1 5 4 5 4 4 3 5 4 3 5 3 4 5 2 5 3 1 1 4 3 3 4 4 1
1 4 4 5 1 4 3 1 4 2 1 4 3 2 4 2 3 2 2 4 3 1 3 3 1 4 3 1 5 5 2 2 1 2 2 3 3 0 2 5 1 5 1 1 3 1 1 2 5 2 2 3 2 3 4 2 5 1 4 5 2 4 1 4 1 1 4 5 5 2 5 4 2 2 1 5 4 2 1 5 2 5 4 5 5 2 3 2 5 2 1 3 5 4 2 4 3 1 4 2
2 3 1 1 3 4 3 4 4 4 3 3 3 5 2 1 2 5 4 4 5 3 5 4 3 2 2 3 4 2 2 3 1 1 1 1 4 2 0 5 1 2 3 3 5 3 2 2 1 3 5 4 2 2 4 2 2 5 4 2 5 4 2 1 2 5 1 2 3 4 5 1 3 1 2 3 3 3 3 5 3 1 1 5 4 5 1 5 2 2 5 1 3 1 2 3 2 4 1 1
2 3 3 1 2 5 3 3 4 1 5 2 5 5 1 5 2 1 1 3 1 2 5 4 2 1 4 5 5 1 4 5 2 5 5 2 2 5 5 0 3 5 1 2 1 2 1 5 1 5 2 3 3 4 5 2 1 1 2 3 5 5 4 3 1 2 1 2 5 2 1 3 3 4 1 1 3 4 4 1 3 1 1 3 1 2 1 3 2 4 5 4 5 1 3 5 1 1 4 5
3 2 5 4 1 4 4 5 1 5 1 1 2 4 2 2 1 4 5 1 2 4 4 3 3 2 2 2 4 4 3 1 1 4 5 1 5 1 1 3 0 1 4 4 3 4 3 5 1 2 4 5 3 1 4 2 4 2 2 3 2 1 2 4 3 3 2 2 3 1 5 3 1 3 5 5 1 2 5 5 2 3 1 3 3 5 3 3 1 2 5 2 5 2 1 3 5 1 2 4
4 4 5 1 5 4 2 3 3 2 4 1 4 4 2 3 5 3 5 4 1 5 3 3 3 2 2 2 2 5 3 2 4 3 2 1 2 5 2 5 1 0 2 5 5 4 3 3 1 4 5 3 3 5 3 3 1 1 3 1 4 2 1 1 1 3 4 3 4 2 1 3 4 5 2 4 5 5 2 2 4 5 1 4 4 2 3 1 1 3 5 2 1 3 1 4 2 1 2 5
4 5 1 4 1 1 1 4 2 1 2 3 5 4 4 2 2 5 3 2 4 1 2 4 5 3 3 4 2 2 3 4 2 2 5 2 3 1 3 1 4 2 0 3 4 2 4 3 1 2 3 2 2 3 1 2 5 4 2 3 4 5 4 1 2 3 3 5 4 5 4 3 3 1 2 3 4 1 3 5 4 5 5 4 1 1 2 3 2 1 1 1 4 5 5 3 2 1 5 2
2 1 1 1 1 5 1 2 4 2 2 5 2 1 1 4 1 5 4 3 3 1 3 4 5 5 2 5 5 3 4 5 2 3 4 4 1 1 3 2 4 5 3 0 4 3 2 5 4 3 2 3 5 1 3 2 2 1 4 2 4 2 5 3 5 1 4 2 2 4 3 4 5 4 2 2 1 2 4 4 1 1 2 4 1 2 5 4 4 1 2 5 4 2 2 4 1 5 3 1
4 1 1 1 5 1 1 5 2 4 5 5 1 4 3 2 1 4 4 5 1 4 1 5 2 2 2 4 1 1 1 2 4 3 3 1 1 3 5 1 3 5 4 4 0 3 2 4 5 3 1 2 5 2 5 3 3 3 5 3 2 3 4 1 2 4 4 1 4 2 2 3 3 3 5 1 4 1 1 1 5 1 4 3 5 5 4 4 2 1 5 3 1 1 5 3 3 5 5 4
4 4 2 2 2 1 2 1 5 2 1 4 5 2 2 3 2 4 2 2 1 3 3 5 2 3 1 2 4 5 4 1 1 5 1 2 2 1 3 2 4 4 2 3 3 0 5 5 2 4 5 1 4 4 3 1 5 2 5 1 4 5 3 5 2 2 3 5 2 3 4 4 2 5 5 4 1 1 5 5 1 2 5 4 1 1 4 4 5 1 2 5 2 2 4 2 5 3 5 3
1 3 1 2 3 3 3 1 4 3 2 1 3 1 3 5 2 4 3 4 1 3 1 4 3 5 4 5 4 1 3 1 5 1 5 4 1 1 2 1 3 3 4 2 2 5 0 2 4 5 5 4 1 2 1 4 3 1 2 4 4 5 2 3 3 2 3 2 2 3 5 5 1 1 5 2 1 3 1 5 3 1 4 5 3 2 2 5 3 1 2 1 4 1 1 3 1 5 2 2
3 2 5 3 1 4 1 2 2 4 3 4 5 1 3 4 5 4 2 3 3 4 1 1 4 4 1 2 2 2 3 3 3 3 1 5 3 2 2 5 5 3 3 5 4 5 2 0 1 2 4 4 4 3 2 1 5 1 3 3 5 1 4 2 1 1 1 2 1 4 4 4 1 4 3 4 2 4 4 4 1 5 3 3 4 4 3 1 4 3 1 4 5 4 2 4 4 5 4 3
5 2 5 1 4 2 4 4 5 2 3 5 2 5 4 3 1 4 5 1 3 5 5 4 5 4 5 2 4 2 1 5 5 5 5 4 5 5 1 1 1 1 1 4 5 2 4 1 0 4 1 5 1 3 5 1 2 3 4 5 4 3 4 2 2 4 4 1 5 3 4 2 4 1 3 3 4 2 5 2 1 3 4 3 4 3 2 5 5 2 4 1 3 5 5 1 3 5 2 5
5 5 3 4 3 1 5 5 3 4 3 5 4 1 2 2 2 3 3 1 4 2 5 2 3 2 1 3 2 4 2 3 3 1 3 2 3 2 3 5 2 4 2 3 3 4 5 2 4 0 5 2 4 4 1 1 4 3 4 5 2 2 5 4 4 3 4 4 1 3 3 4 5 2 2 5 4 5 4 5 5 5 4 5 1 3 1 5 4 2 4 2 1 4 2 5 3 3 1 4
3 2 3 3 5 5 2 2 2 4 2 4 2 5 4 4 3 3 1 2 1 5 2 4 5 1 3 3 5 2 4 1 3 5 4 3 2 2 5 2 4 5 3 2 1 5 5 4 1 5 0 5 1 1 5 4 1 2 3 4 3 4 3 5 2 4 1 1 2 4 5 4 5 1 4 5 1 3 1 4 5 3 5 1 2 3 4 5 1 1 5 1 1 4 1 4 1 2 1 1
5 4 4 2 1 2 5 1 3 2 5 5 4 5 5 3 4 2 1 4 5 2 2 5 3 3 3 4 3 2 3 5 3 4 4 3 5 3 4 3 5 3 2 3 2 1 4 4 5 2 5 0 4 2 5 3 4 4 5 1 1 5 1 2 4 5 2 5 2 2 5 1 5 1 3 3 2 5 1 3 1 4 5 5 3 2 4 2 4 4 4 1 4 4 5 2 5 3 2 1
4 3 2 3 1 1 5 2 1 1 2 3 1 4 2 4 5 2 2 3 5 1 4 3 2 2 3 1 3 4 3 5 5 5 1 2 4 2 2 3 3 3 2 5 5 4 1 4 1 4 1 4 0 2 4 2 4 1 5 4 2 5 1 4 2 4 1 1 2 2 4 1 1 3 2 2 3 5 3 2 3 3 5 1 4 5 5 3 2 1 1 2 5 4 1 3 4 1 5 4
3 4 3 1 3 3 5 5 2 2 4 2 1 5 1 1 5 2 2 4 3 4 5 3 3 3 4 5 3 3 3 4 2 4 2 2 3 3 2 4 1 5 3 1 2 4 2 3 3 4 1 2 2 0 5 5 3 1 1 4 4 4 4 4 3 5 2 5 2 2 2 5 1 5 4 1 3 3 2 1 3 4 5 1 3 2 3 4 2 3 5 5 3 3 5 3 5 3 3 1
5 3 2 4 4 1 2 1 2 5 4 1 5 2 5 2 1 3 5 2 3 5 4 3 3 5 3 5 2 2 3 4 1 3 2 5 3 4 4 5 4 3 1 3 5 3 1 2 5 1 5 5 4 5 0 3 3 3 5 3 3 1 3 4 5 2 2 5 4 4 3 4 2 2 1 2 2 1 5 5 1 4 5 5 2 2 2 2 1 3 4 4 1 3 5 1 2 2 2 5
1 3 2 1 3 2 5 4 5 2 5 1 5 5 2 3 1 5 5 1 2 4 5 4 1 2 4 1 2 2 2 3 4 5 1 1 3 2 2 2 2 3 2 2 3 1 4 1 1 1 4 3 2 5 3 0 1 4 4 3 1 1 2 5 2 3 5 2 3 4 4 3 3 5 2 2 5 5 2 5 3 4 3 2 3 2 1 2 3 5 4 2 4 2 3 1 5 1 1 5
4 5 1 4 2 1 5 4 1 1 5 3 2 3 4 1 1 5 3 3 5 3 1 2 4 1 4 1 5 4 4 2 1 5 4 1 5 5 2 1 4 1 5 2 3 5 3 5 2 4 1 4 4 3 3 1 0 3 1 3 5 4 5 1 4 5 5 5 3 5 1 4 2 2 2 4 3 5 2 2 5 4 4 4 4 4 4 2 3 4 1 4 1 2 4 5 3 4 4 2
3 1 5 2 4 1 5 4 4 4 2 3 3 5 4 3 1 4 4 5 1 2 3 3 5 2 4 5 2 3 5 1 2 1 3 2 5 1 5 1 2 1 4 1 3 2 1 1 3 3 2 4 1 1 3 4 3 0 1 2 3 5 3 5 4 5 1 3 1 4 4 2 1 2 3 5 4 5 2 3 3 4 1 2 1 2 5 4 5 1 1 4 2 4 5 1 2 3 2 5
4 3 4 3 3 5 1 4 1 4 1 3 5 2 2 4 1 4 4 2 5 5 1 4 1 1 5 1 3 5 3 3 3 3 5 5 2 4 4 2 2 3 2 4 5 5 2 3 4 4 3 5 5 1 5 4 1 1 0 1 2 5 2 1 5 5 3 2 3 4 3 5 1 3 4 1 3 5 5 5 1 4 4 3 4 5 4 4 3 4 2 1 5 2 5 1 3 4 3 2
2 2 5 1 4 5 3 1 1 5 4 4 1 3 4 4 1 3 1 1 5 5 2 4 5 5 4 5 2 5 1 1 3 3 4 4 3 5 2 3 3 1 3 2 3 1 4 3 5 5 4 1 4 4 3 3 3 2 1 0 5 3 4 4 5 1 5 1 2 2 3 3 2 4 1 1 3 1 4 4 2 4 2 4 2 5 5 1 3 2 3 4 5 2 5 2 3 3 5 4
2 5 3 4 5 1 3 5 1 3 3 3 5 4 2 2 4 5 1 5 2 3 3 2 1 1 1 2 3 4 3 5 1 3 3 1 2 2 5 5 2 4 4 4 2 4 4 5 4 2 3 1 2 4 3 1 5 3 2 5 0 1 4 4 5 2 5 2 4 5 1 4 3 1 3 2 5 2 2 1 1 4 1 1 2 5 1 3 5 2 5 2 4 3 5 1 3 2 4 3
3 4 1 5 1 4 2 5 2 5 5 3 1 4 1 5 4 3 5 3 3 2 2 1 5 4 2 5 4 2 4 5 1 2 2 4 1 4 4 5 1 2 5 2 3 5 5 1 3 2 4 5 5 4 1 1 4 5 5 3 1 0 1 5 3 2 4 5 1 1 1 1 5 5 5 3 3 1 3 2 4 3 5 4 5 1 2 2 4 4 2 5 1 5 2 2 2 5 1 2
4 2 5 2 5 3 1 5 2 4 4 2 4 3 1 5 3 5 4 1 3 4 5 4 5 4 3 2 5 2 4 4 1 4 1 2 1 1 2 4 2 1 4 5 4 3 2 4 4 5 3 1 1 4 3 2 5 3 2 4 4 1 0 2 2 3 3 5 1 4 3 3 3 4 2 1 5 3 3 1 1 3 2 2 2 4 2 4 4 5 2 1 3 5 5 3 4 2 2 4
4 3 3 2 3 5 4 5 3 1 5 4 5 4 4 5 1 1 1 3 5 1 4 2 3 1 5 1 3 4 1 5 1 3 4 1 2 4 1 3 4 1 1 3 1 5 3 2 2 4 5 2 4 4 4 5 1 5 1 4 4 5 2 0 3 4 2 3 1 4 3 1 2 4 3 4 4 1 5 3 3 1 4 4 5 3 1 3 4 5 5 3 3 3 4 5 5 5 1 3
1 4 3 2 2 4 5 5 5 3 4 2 4 1 4 4 4 1 5 1 5 1 5 1 2 1 1 3 1 2 3 4 2 2 1 2 3 1 2 1 3 1 2 5 2 2 3 1 2 4 2 4 2 3 5 2 4 4 5 5 5 3 2 3 0 5 3 4 2 2 1 3 2 1 4 5 4 1 2 4 1 2 4 2 5 2 3 1 3 3 3 4 5 1 1 4 2 1 4 2
3 1 4 3 5 1 1 5 2 4 4 4 4 5 3 2 4 4 2 2 1 4 3 3 2 5 5 3 5 3 3 2 2 5 5 3 3 1 5 2 3 3 3 1 4 2 2 1 4 3 4 5 4 5 2 3 5 5 5 1 2 2 3 4 5 0 5 5 4 1 1 5 2 5 1 3 1 5 5 1 3 3 3 5 2 2 4 3 2 2 5 3 5 3 5 5 5 2 1 4
3 5 4 1 5 5 3 5 2 5 2 5 5 3 2 1 2 1 3 1 2 2 5 1 5 1 4 1 4 5 3 1 3 4 4 3 5 4 1 1 2 4 3 4 4 3 3 1 4 4 1 2 1 2 2 5 5 1 3 5 5 4 3 2 3 5 0 5 3 2 2 3 1 5 3 5 4 1 4 3 3 2 5 5 1 4 1 5 1 3 1 1 3 4 5 4 4 3 3 1
5 1 2 5 3 2 2 4 3 1 1 4 4 5 3 5 2 2 3 4 4 3 5 4 4 3 2 1 4 4 4 5 2 4 3 1 2 5 2 2 2 3 5 2 1 5 2 2 1 4 1 5 1 5 5 2 5 3 2 1 2 5 5 3 4 5 5 0 3 5 1 2 3 4 2 2 4 1 5 1 2 1 4 2 5 2 2 5 5 4 4 2 3 3 2 5 1 1 5 2
1 5 1 3 1 5 4 4 3 5 4 3 1 5 2 1 3 3 4 2 1 5 3 2 2 5 2 5 5 4 4 1 5 1 2 2 4 5 3 5 3 4 4 2 4 2 2 1 5 1 2 2 2 2 4 3 3 1 3 2 4 1 1 1 2 4 3 3 0 4 5 4 5 4 2 1 1 2 3 3 4 3 1 3 2 1 1 4 1 4 3 5 3 4 5 5 1 4 5 2
2 2 5 3 3 2 1 4 4 2 2 4 2 4 4 5 1 1 2 3 4 3 1 3 3 2 4 3 1 2 5 4 2 3 4 2 3 2 4 2 1 2 5 4 2 3 3 4 3 3 4 2 2 2 4 4 5 4 4 2 5 1 4 4 2 1 2 5 4 0 3 5 4 1 3 4 4 5 2 2 1 1 4 1 1 5 4 1 5 2 3 1 3 5 3 4 1 4 1 3
2 4 1 5 1 3 4 2 5 5 5 2 2 4 3 4 2 1 1 4 2 3 5 3 2 4 3 5 1 1 5 3 5 5 5 1 4 5 5 1 5 1 4 3 2 4 5 4 4 3 5 5 4 2 3 4 1 4 3 3 1 1 3 3 1 1 2 1 5 3 0 2 3 3 3 4 4 2 1 2 5 3 1 5 5 3 3 1 4 1 3 2 3 4 1 1 1 3 5 2
2 3 1 5 5 2 4 1 4 5 1 4 1 3 4 2 2 5 4 2 3 5 5 5 3 1 2 5 4 1 3 3 1 2 2 3 4 4 1 3 3 3 3 4 3 4 5 4 2 4 4 1 1 5 4 3 4 2 5 3 4 1 3 1 3 5 3 2 4 5 2 0 5 3 5 4 2 4 2 5 3 2 4 4 1 2 1 1 1 2 1 1 3 5 4 5 3 1 2 2
3 1 1 5 4 2 2 4 1 4 2 1 5 4 2 4 5 4 1 3 5 1 3 1 3 3 4 5 5 1 2 5 5 4 3 4 4 2 3 3 1 4 3 5 3 2 1 1 4 5 5 5 1 1 2 3 2 1 1 2 3 5 3 2 2 2 1 3 5 4 3 5 0 5 2 2 1 4 5 3 1 1 4 1 5 1 2 4 2 5 3 5 3 1 4 4 3 3 5 4
3 1 2 2 5 1 5 3 4 4 4 2 4 1 4 1 3 4 5 3 1 5 5 1 4 4 3 2 4 2 3 1 5 4 1 3 2 2 1 4 3 5 1 4 3 5 1 4 1 2 1 1 3 5 2 5 2 2 3 4 1 5 4 4 1 5 5 4 4 1 3 3 5 0 3 5 5 2 2 1 2 5 1 3 3 1 2 1 4 1 2 4 2 2 5 1 4 3 5 4
1 1 1 3 5 5 1 3 5 3 3 1 4 4 4 2 4 2 3 4 1 1 2 5 4 2 5 3 2 1 3 1 5 4 5 3 3 1 2 1 5 2 2 2 5 5 5 3 3 2 4 3 2 4 1 2 2 3 4 1 3 5 2 3 4 1 3 2 2 3 3 5 2 3 0 2 2 1 5 4 5 5 3 3 3 4 1 3 1 2 5 3 5 5 3 2 4 5 3 5
3 4 1 3 2 1 3 4 4 1 1 3 5 5 1 5 1 4 3 5 1 5 3 2 4 5 5 5 3 3 4 5 4 3 5 1 1 5 3 1 5 4 3 2 1 4 2 4 3 5 5 3 2 1 2 2 4 5 1 1 2 3 1 4 5 3 5 2 1 4 4 4 2 5 2 0 3 4 3 2 5 5 1 3 5 5 3 4 5 4 2 1 1 1 3 4 4 5 2 5
1 5 5 2 1 5 5 2 3 5 4 1 3 4 5 1 5 3 2 3 1 3 1 4 5 4 5 3 4 4 4 4 4 4 3 3 5 4 3 3 1 5 4 1 4 1 1 2 4 4 1 2 3 3 2 5 3 4 3 3 5 3 5 4 4 1 4 4 1 4 4 2 1 5 2 3 0 2 2 4 3 3 2 2 3 3 2 2 3 3 2 4 2 1 1 5 3 2 5 5
5 1 5 4 5 3 4 4 2 4 4 2 1 5 2 1 2 5 3 5 1 4 2 5 5 1 2 4 5 2 3 5 3 2 1 4 4 2 3 4 2 5 1 2 1 1 3 4 2 5 3 5 5 3 1 5 5 5 5 1 2 1 3 1 1 5 1 1 2 5 2 4 4 2 1 4 2 0 3 1 5 5 3 3 5 1 2 4 4 5 3 2 1 1 1 1 5 1 1 5
2 3 4 4 4 2 2 2 2 4 3 2 5 5 1 4 1 5 4 5 4 4 5 1 3 3 3 5 5 3 3 5 5 2 3 1 5 1 3 4 5 2 3 4 1 5 1 4 5 4 1 1 3 2 5 2 2 2 5 4 2 3 3 5 2 5 4 5 3 2 1 2 5 2 5 3 2 3 0 4 4 3 1 3 5 4 5 1 2 4 3 5 2 3 5 2 5 5 1 3
1 1 3 5 3 4 4 3 1 5 4 3 3 1 2 5 2 4 5 5 3 1 3 3 3 4 4 3 2 2 3 3 5 1 1 4 4 5 5 1 5 2 5 4 1 5 5 4 2 5 4 3 2 1 5 5 2 3 5 4 1 2 1 3 4 1 3 1 3 2 2 5 3 1 4 2 4 1 4 0 3 2 2 1 4 5 4 2 5 5 5 3 3 5 3 1 1 5 5 1
2 4 1 2 1 5 1 4 2 2 4 2 5 2 2 3 1 5 5 5 2 4 1 3 3 1 4 5 5 2 2 3 4 4 3 5 4 2 3 3 2 4 4 1 5 1 3 1 1 5 5 1 3 3 1 3 5 3 1 2 1 4 1 3 1 3 3 2 4 1 5 3 1 2 5 5 3 5 4 3 0 3 5 1 3 5 2 2 2 3 3 4 3 5 4 1 4 5 3 4
4 1 3 4 2 5 4 4 3 4 3 4 1 5 1 1 3 2 1 1 4 2 3 4 3 5 5 1 5 1 4 2 5 1 5 2 3 5 1 1 3 5 5 1 1 2 1 5 3 5 3 4 3 4 4 4 4 4 4 4 4 3 3 1 2 3 2 1 3 1 3 2 1 5 5 5 3 5 3 2 3 0 4 2 4 5 2 2 2 5 2 3 4 3 5 4 1 3 1 2
4 2 5 1 1 3 2 4 3 2 2 2 4 4 3 5 2 4 4 5 2 3 4 1 5 2 2 4 5 5 3 1 3 5 4 2 5 4 1 1 1 1 5 2 4 5 4 3 4 4 5 5 5 5 5 3 4 1 4 2 1 5 2 4 4 3 5 4 1 4 1 4 4 1 3 1 2 3 1 2 5 4 0 2 2 5 2 5 3 3 1 3 4 4 1 5 4 1 2 3
4 1 2 4 2 5 1 5 2 3 4 2 2 2 5 4 3 2 4 1 5 5 5 1 1 5 1 5 1 5 1 2 5 4 1 1 4 5 5 3 3 4 4 4 3 4 5 3 3 5 1 5 1 1 5 2 4 2 3 4 1 4 2 4 2 5 5 2 3 1 5 4 1 3 3 3 2 3 3 1 1 2 2 0 2 3 4 3 3 4 5 5 1 5 3 1 2 4 4 3
3 2 5 3 3 1 2 1 3 3 4 1 1 3 1 2 5 4 3 1 3 2 5 2 1 2 2 3 4 3 1 5 5 1 1 4 3 5 4 1 3 4 1 1 5 1 3 4 4 1 2 3 4 3 2 3 4 1 4 2 2 5 2 5 5 2 1 5 2 1 5 1 5 3 3 5 3 5 5 4 3 4 2 2 0 2 4 3 4 4 1 4 5 5 4 4 2 4 3 5
3 2 3 4 3 3 4 5 2 3 5 2 4 1 1 4 5 5 3 2 1 3 4 2 1 3 2 2 4 3 1 5 5 5 2 1 5 2 5 2 5 2 1 2 5 1 2 4 3 3 3 2 5 2 2 2 4 2 5 5 5 1 4 3 2 2 4 2 1 5 3 2 1 1 4 5 3 1 4 5 5 5 5 3 2 0 4 5 5 4 3 2 4 1 1 5 3 1 1 2
3 5 3 5 4 1 1 1 5 4 1 1 3 1 4 1 1 4 4 3 2 2 5 4 3 4 5 5 1 1 3 4 4 2 4 1 3 3 1 1 3 3 2 5 4 4 2 3 2 1 4 4 5 3 2 1 4 5 4 5 1 2 2 1 3 4 1 2 1 4 3 1 2 2 1 3 2 2 5 4 2 2 2 4 4 4 0 3 2 1 2 2 5 5 3 1 1 4 5 2
1 4 3 5 3 1 5 1 4 4 4 2 4 1 4 2 4 1 3 2 3 1 3 1 2 4 5 3 4 5 3 5 2 3 5 2 4 2 5 3 3 1 3 4 4 4 5 1 5 5 5 2 3 4 2 2 2 4 4 1 3 2 4 3 1 3 5 5 4 1 1 1 4 1 3 4 2 4 1 2 2 2 5 3 3 5 3 0 5 2 2 3 5 1 4 1 1 5 3 4
2 2 4 4 5 1 5 2 2 1 4 2 5 4 4 4 4 2 1 4 5 5 2 2 3 2 5 1 5 5 1 1 5 3 3 1 5 5 2 2 1 1 2 4 2 5 3 4 5 4 1 4 2 2 1 3 3 5 3 3 5 4 4 4 3 2 1 5 1 5 4 1 2 4 1 5 3 4 2 5 2 2 3 3 4 5 2 5 0 2 5 2 5 4 2 5 2 1 4 5
3 3 5 3 1 4 1 1 5 4 4 5 2 4 1 5 3 1 2 1 5 3 2 1 1 2 4 4 1 2 1 2 3 2 4 3 2 2 2 4 2 3 1 1 1 1 1 3 2 2 1 4 1 3 3 5 4 1 4 2 2 4 5 5 3 2 3 4 4 2 1 2 5 1 2 4 3 5 4 5 3 5 3 4 4 4 1 2 2 0 4 5 4 1 5 2 1 5 1 5
4 2 5 5 5 1 3 5 1 2 3 2 5 4 2 3 5 1 3 3 1 4 5 4 5 1 5 4 5 1 5 1 5 3 2 5 5 1 5 5 5 5 1 2 5 2 2 1 4 4 5 4 1 5 4 4 1 1 2 3 5 2 2 5 3 5 1 4 3 3 3 1 3 2 5 2 2 3 3 5 3 2 1 5 1 3 2 2 5 4 0 1 5 5 2 4 1 4 5 5
1 1 3 1 1 5 4 3 5 4 3 1 3 2 2 3 5 5 1 1 3 4 2 5 5 4 1 5 2 5 4 2 4 1 2 1 3 3 1 4 2 2 1 5 3 5 1 4 1 2 1 1 2 5 4 2 4 4 1 4 2 5 1 3 4 3 1 2 5 1 2 1 5 4 3 1 4 2 5 3 4 3 3 5 4 2 2 3 2 5 1 0 5 4 5 2 3 2 5 3
4 2 4 2 5 3 5 5 1 1 5 1 5 4 2 1 2 3 2 3 4 4 2 5 4 3 1 2 5 3 1 5 4 2 4 1 1 5 3 5 5 1 4 4 1 2 4 5 3 1 1 4 5 3 1 4 1 2 5 5 4 1 3 3 5 5 3 3 3 3 3 3 3 2 5 1 2 1 2 3 3 4 4 1 5 4 5 5 5 4 5 5 0 4 1 4 5 1 2 1
3 4 4 3 4 4 3 1 5 3 1 2 4 3 2 1 5 4 2 1 1 1 2 4 5 2 4 1 4 4 4 4 2 1 1 2 1 4 1 1 2 3 5 2 1 2 1 4 5 4 4 4 4 3 3 2 2 4 2 2 3 5 5 3 1 3 4 3 4 5 4 5 1 2 5 1 1 1 3 5 5 3 4 5 5 1 5 1 4 1 5 4 4 0 3 2 3 1 3 3
1 3 4 2 2 3 1 4 5 4 5 1 4 2 3 1 1 3 2 5 3 4 1 1 4 4 2 1 3 4 3 2 5 3 4 4 4 2 2 3 1 1 5 2 5 4 1 2 5 2 1 5 1 5 5 3 4 5 5 5 5 2 5 4 1 5 5 2 5 3 1 4 4 5 3 3 1 1 5 3 4 5 1 3 4 1 3 4 2 5 2 5 1 3 0 5 3 3 4 2
5 4 3 4 5 3 4 3 5 4 3 4 3 2 1 3 1 5 4 2 1 3 1 4 1 2 4 1 4 5 5 4 1 5 5 2 3 4 3 5 3 4 3 4 3 2 3 4 1 5 4 2 3 3 1 1 5 1 1 2 1 2 3 5 4 5 4 5 5 4 1 5 4 1 2 4 5 1 2 1 1 4 5 1 4 5 1 1 5 2 4 2 4 2 5 0 4 3 5 4
4 1 2 3 5 4 3 5 2 3 4 4 2 1 3 2 4 1 5 5 5 2 3 2 1 4 5 1 1 3 2 2 3 3 4 3 3 3 2 1 5 2 2 1 3 5 1 4 3 3 1 5 4 5 2 5 3 2 3 3 3 2 4 5 2 5 4 1 1 1 1 3 3 4 4 4 3 5 5 1 4 1 4 2 2 3 1 1 2 1 1 3 5 3 3 4 0 5 3 5
3 3 1 2 4 5 4 3 1 4 4 2 3 2 2 2 1 4 2 4 4 5 2 4 1 5 5 3 1 2 5 3 4 1 3 3 4 1 4 1 1 1 1 5 5 3 5 5 5 3 2 3 1 3 2 1 4 3 4 3 2 5 2 5 1 2 3 1 4 4 3 1 3 3 5 5 2 1 5 5 5 3 1 4 4 1 4 5 1 5 4 2 1 1 3 3 5 0 5 4
4 4 3 1 4 5 2 2 2 5 3 2 3 3 3 2 2 2 1 4 2 2 2 3 3 5 1 4 5 4 1 2 2 3 4 1 4 4 1 4 2 2 5 3 5 5 2 4 2 1 1 2 5 3 2 1 4 2 3 5 4 1 2 1 4 1 3 5 5 1 5 2 5 5 3 2 5 1 1 5 3 1 2 4 3 1 5 3 4 1 5 5 2 3 4 5 3 5 0 4
5 1 1 5 2 4 3 5 2 2 3 5 5 1 5 5 5 2 2 5 5 3 2 2 1 4 4 1 5 5 5 3 1 1 5 5 1 2 1 5 4 5 2 1 4 3 2 3 5 4 1 1 4 1 5 5 2 5 2 4 3 2 4 3 2 4 1 2 2 3 2 2 4 4 5 5 5 5 3 1 4 2 3 3 5 2 2 4 5 5 5 3 1 3 2 4 5 4 4 0
