100
14 14 4 9 2 14 2 7 13 17 2 13 18 12 7 3 18 18 8 5 16 8 12 18 7 10 11 8 9 19 15 2 18 11 13 5 14 15 1 1 15 19 19 19 15 18 5 2 10 6 2 1 13 15 6 3 1 20 16 5 9 15 8 9 4 6 8 20 4 3 20 12 9 9 19 1 3 13 13 4 11 7 2 17 16 3 10 5 12 7 19 12 10 1 12 11 19 4 19 10
733 958 790 477 270 288 834 296 1050 1003 613 1121 262 108 925 323 1190 389 527 203 609 55 1261 353 824 972 986 243 44 1105 850 551 442 1247 33 305 814 88 1309 393 649 874 674 580 693 197 331 405 12 365 962 530 1156 1295 798 529 111 467 178 411 401 551 1028 632 266 1219 490 712 781 93 228 1066 887 320 1087 773 623 900 938 831 915 587 359 516 153 419 1230 1199 771 1207 73 1308 1171 158 1139 1277 755 560 136 1020
90 50 17 14 78 52 10 98 32 86 86 37 69 64 99 42 14 50 66 12 24 37 87 33 57 45 60 32 56 30 67 59 90 16 64 87 20 42 67 55 63 11 23 15 21 86 73 92 22 12 29 14 92 62 56 18 10 66 66 85 76 42 78 52 44 59 61 66 15 16 97 96 46 88 52 48 29 51 80 55 22 88 73 98 59 23 85 38 73 71 82 44 75 25 88 16 99 57 39 95

0 1 5 3 3 1 4 5 1 3 2 5 3 1 5 1 4 2 5 5 2 5 5 3 5 2 3 1 1 2 3 2 2 2 4 3 5 2 3 2 1 5 1 2 2 4 4 4 5 5 1 2 1 3 4 4 3 1 5 4 4 5 5 3 1 2 2 5 3 3 1 3 3 5 5 4 2 5 5 3 4 1 2 1 4 1 1 2 3 1 3 3 4 1 2 5 3 3 5 3
1 0 3 4 4 3 3 4 3 5 4 4 4 1 3 4 4 1 4 3 5 2 3 3 4 5 4 4 1 4 5 4 2 2 5 3 5 5 4 4 3 1 3 1 2 5 4 5 3 1 2 5 4 2 1 4 3 5 2 4 1 1 3 1 1 2 4 5 3 2 3 3 1 1 1 3 2 4 4 1 5 4 1 2 2 4 3 1 4 4 1 1 2 1 2 4 5 5 1 5
5 3 0 5 2 2 2 2 2 1 3 2 5 2 4 5 3 1 3 2 5 3 1 1 4 2 4 3 1 3 5 1 2 3 2 3 1 1 4 1 1 4 3 5 3 3 2 4 5 4 5 1 4 4 2 5 2 1 2 5 3 4 5 5 5 1 1 3 5 3 5 1 2 2 1 4 4 2 1 2 2 1 4 5 3 2 1 3 4 1 3 2 1 5 4 3 5 4 1 3
3 4 5 0 3 5 2 1 4 3 4 1 1 2 4 1 2 1 3 1 2 2 1 4 2 3 3 5 5 4 2 4 5 3 4 1 2 4 3 5 1 3 3 3 2 2 4 3 4 5 3 2 3 3 3 4 2 2 2 3 1 4 3 1 3 3 5 4 4 4 3 3 5 2 2 5 5 2 3 3 1 5 3 2 2 5 5 3 1 4 2 3 4 1 3 4 4 1 3 1
3 4 2 3 0 2 1 2 2 2 3 2 1 1 2 5 5 1 4 5 1 4 4 3 4 3 3 2 3 1 5 1 4 5 1 2 3 4 5 1 3 5 3 5 3 4 3 2 1 4 5 4 2 1 5 1 3 5 2 5 5 5 2 5 1 4 5 2 3 1 3 2 2 5 1 1 1 2 1 5 3 1 5 2 5 3 5 4 4 3 4 4 3 4 4 2 2 2 2 5
1 3 2 5 2 0 5 4 1 4 3 3 3 5 2 4 5 1 2 1 3 4 2 2 3 1 5 3 4 3 4 4 5 1 5 3 4 5 1 4 4 4 5 2 3 3 5 2 4 3 2 5 5 2 2 2 5 4 4 2 1 4 4 1 4 3 1 5 1 4 4 1 5 5 3 3 4 3 4 3 3 2 2 2 1 4 4 4 2 2 2 4 1 5 5 3 4 1 5 2
4 3 2 2 1 5 0 1 1 2 2 4 1 3 4 2 5 3 4 3 5 2 4 1 5 4 1 5 5 2 1 3 3 3 2 3 3 5 3 1 4 2 5 2 1 3 2 4 4 3 4 3 4 2 1 3 5 5 2 3 1 3 3 2 2 5 3 3 3 5 4 2 4 4 5 3 5 1 1 1 2 5 3 2 5 5 4 1 3 5 2 4 3 5 5 3 2 1 2 5
5 4 2 1 2 4 1 0 5 2 2 5 3 4 3 1 5 1 4 4 5 5 2 5 4 1 3 1 5 5 1 4 1 3 5 4 5 5 1 3 3 3 1 4 5 4 3 1 4 1 2 4 4 4 3 2 1 2 1 2 3 4 1 5 2 2 2 2 1 2 4 5 3 5 3 2 3 1 1 5 5 3 3 5 4 4 3 2 5 4 5 3 4 3 5 2 5 2 3 5
1 3 2 4 2 1 1 5 0 1 5 3 2 2 3 1 1 1 5 4 1 4 3 2 5 5 4 2 4 2 2 3 1 1 2 4 4 5 2 3 3 2 1 3 3 3 1 5 5 4 5 3 2 5 4 4 5 1 1 5 5 5 5 1 2 5 1 1 2 4 4 5 2 5 4 4 4 4 2 5 4 1 4 4 5 2 5 1 5 1 2 1 1 3 3 2 1 5 3 5
3 5 1 3 2 4 2 2 1 0 5 1 5 4 2 5 1 1 2 3 5 1 2 2 5 4 2 2 2 3 4 2 3 3 4 1 5 4 5 3 2 4 1 5 2 5 5 2 3 5 1 5 3 5 4 5 1 1 4 3 1 3 4 3 1 4 1 1 2 5 1 3 5 4 2 5 3 4 1 4 4 5 4 4 4 2 3 4 2 3 4 4 1 3 2 2 2 4 2 4
2 4 3 4 3 3 2 2 5 5 0 2 5 2 1 3 2 1 3 4 4 5 4 3 5 3 4 1 4 1 4 1 1 1 4 2 2 4 5 2 4 2 5 3 5 3 3 4 5 4 4 4 5 3 3 1 4 1 5 3 5 5 4 4 4 5 4 3 1 4 2 3 1 5 4 4 5 3 4 1 3 3 1 5 4 1 1 1 1 2 3 3 2 5 5 4 4 1 5 1
5 4 2 1 2 3 4 5 3 1 2 0 2 4 4 4 3 5 4 1 4 3 4 1 5 2 5 2 3 4 2 4 2 1 3 2 3 1 4 5 1 3 1 3 5 2 2 5 2 5 3 4 4 3 2 1 2 5 5 5 5 5 2 4 5 3 2 4 2 4 2 1 2 2 1 1 2 1 4 4 3 3 3 4 3 1 4 3 5 2 4 3 5 3 5 3 3 1 4 1
3 4 5 1 1 3 1 3 2 5 5 2 0 4 2 3 4 3 5 5 5 2 3 3 4 4 1 1 5 1 5 2 5 1 2 3 3 3 2 3 4 5 2 5 1 5 5 1 3 4 4 1 2 2 3 3 3 5 5 3 5 4 2 3 3 2 4 5 3 2 5 1 1 5 3 3 4 1 1 1 5 5 2 5 5 5 1 5 4 4 5 5 2 1 1 3 4 1 2 1
1 1 2 2 1 5 3 4 2 4 2 4 4 0 1 4 5 2 1 3 5 2 4 3 5 4 2 1 5 4 2 5 5 1 4 4 5 3 5 3 4 1 5 1 2 2 3 1 1 2 3 1 2 5 5 2 2 5 4 3 5 3 1 2 4 5 2 3 4 2 5 3 1 3 4 2 2 2 5 1 1 1 3 4 5 1 3 3 1 5 3 2 5 5 4 5 2 2 3 1
5 3 4 4 2 2 4 3 3 2 1 4 2 1 0 4 2 1 5 2 3 2 4 3 3 2 1 2 2 1 4 4 4 5 3 3 5 5 3 3 3 3 5 1 5 5 4 1 2 1 1 2 2 4 3 5 4 3 2 1 3 5 2 3 2 5 2 5 5 3 5 3 3 1 1 4 5 5 2 1 2 1 3 3 1 3 4 5 5 4 5 3 4 1 5 2 1 3 3 4
1 4 5 1 5 4 2 1 1 5 3 4 3 4 4 0 4 5 5 3 5 1 1 5 4 3 3 5 2 2 4 4 3 1 4 2 1 4 3 5 3 2 4 1 2 3 5 5 5 2 4 1 5 1 2 1 2 5 5 1 4 1 5 4 2 2 5 2 4 5 2 5 1 1 3 4 2 5 2 4 5 3 3 4 1 5 2 1 1 4 1 3 2 2 4 1 5 1 5 3
4 4 3 2 5 5 5 5 1 1 2 3 4 5 2 4 0 3 4 2 4 1 1 5 4 5 3 5 2 1 1 4 1 2 3 4 4 3 4 3 3 4 4 5 2 4 4 5 4 4 5 3 5 1 2 4 5 2 2 2 1 1 5 1 4 2 3 4 3 5 5 3 1 2 3 4 3 1 2 1 2 3 3 2 3 3 5 1 5 3 4 2 4 3 5 1 2 1 2 2
2 1 1 1 1 1 3 1 1 1 1 5 3 2 1 5 3 0 3 4 2 3 2 4 2 1 1 3 3 5 5 3 2 5 5 4 2 4 3 3 2 1 4 4 4 3 5 2 4 3 2 4 5 5 5 5 4 3 1 5 1 4 5 2 5 3 2 2 5 4 3 5 4 2 5 1 3 1 5 5 4 3 4 2 1 2 1 3 4 5 5 4 4 1 3 2 3 3 5 2
5 4 3 3 4 2 4 4 5 2 3 4 5 1 5 5 4 3 0 3 1 1 2 4 1 5 5 4 5 2 3 4 4 4 2 3 1 4 1 3 5 5 5 5 5 2 3 2 3 4 5 5 5 4 2 2 4 1 1 2 5 1 5 3 4 2 2 2 4 4 2 1 3 2 5 4 3 3 2 4 5 5 5 3 1 3 2 1 3 4 1 4 2 1 5 3 4 2 1 5
5 3 2 1 5 1 3 4 4 3 4 1 5 3 2 3 2 4 3 0 1 2 5 1 3 5 2 4 5 3 2 5 1 5 4 1 2 5 2 1 2 2 1 5 4 1 4 4 3 3 1 5 5 5 4 4 5 1 3 2 4 5 1 4 1 3 3 1 5 1 3 5 1 2 1 4 1 5 2 5 3 3 4 1 2 2 1 2 3 2 2 4 1 5 5 1 4 2 2 4
2 5 5 2 1 3 5 5 1 5 4 4 5 5 3 5 4 2 1 1 0 5 4 4 3 2 1 1 3 2 5 3 3 1 2 2 2 2 5 1 3 5 1 5 5 3 1 2 5 2 3 1 1 2 5 4 3 1 2 5 5 1 4 5 4 4 3 5 3 2 3 5 3 4 4 3 2 3 1 1 4 4 3 2 3 2 2 3 5 3 1 4 2 5 4 4 2 2 3 3
5 2 3 2 4 4 2 5 4 1 5 3 2 2 2 1 1 3 1 2 5 0 3 4 5 3 3 1 1 3 3 1 3 5 2 3 1 1 2 2 2 5 4 1 2 1 4 1 3 2 3 3 3 3 4 1 5 2 1 4 2 3 5 4 5 4 4 3 5 1 3 4 1 4 1 1 2 5 4 2 4 1 2 4 4 4 1 3 3 5 1 5 4 5 1 4 2 2 4 4
5 3 1 1 4 2 4 2 3 2 4 4 3 4 4 1 1 2 2 5 4 3 0 2 5 5 3 4 5 1 2 3 3 4 5 5 5 5 1 3 5 3 1 1 4 3 2 2 5 5 1 4 5 2 2 4 4 5 5 4 4 2 3 3 1 2 5 2 3 3 4 3 3 3 2 3 3 4 3 5 1 2 4 5 3 5 3 2 1 2 5 2 2 3 3 3 3 4 5 2
3 3 1 4 3 2 1 5 2 2 3 1 3 3 3 5 5 4 4 1 4 4 2 0 5 2 5 1 3 2 2 5 5 4 2 3 1 3 2 1 2 2 4 4 4 2 3 4 5 5 2 3 1 3 3 1 3 3 3 3 5 1 5 2 3 3 4 1 5 3 1 5 5 2 3 3 4 2 4 4 2 3 4 1 4 4 3 3 1 1 4 2 4 2 5 5 2 5 5 4
5 4 4 2 4 3 5 4 5 5 5 5 4 5 3 4 4 2 1 3 3 5 5 5 0 5 4 2 3 2 4 3 1 4 5 1 3 5 1 4 2 3 3 4 1 4 3 3 4 3 3 1 5 5 4 4 4 2 5 3 1 1 4 2 3 3 1 4 1 4 1 2 2 1 4 5 4 2 3 2 4 5 2 2 2 1 2 5 2 1 1 4 4 2 4 5 2 3 4 5
2 5 2 3 3 1 4 1 5 4 3 2 4 4 2 3 5 1 5 5 2 3 5 2 5 0 2 1 1 1 4 4 5 1 1 1 2 1 4 2 2 3 4 2 4 4 5 3 4 3 3 3 4 4 4 3 1 5 1 3 4 5 2 3 4 4 4 1 2 3 2 4 4 2 1 2 4 3 4 1 4 2 2 3 2 4 1 3 4 5 5 5 3 4 5 2 4 4 2 1
3 4 4 3 3 5 1 3 4 2 4 5 1 2 1 3 3 1 5 2 1 3 3 5 4 2 0 3 3 4 1 4 5 2 1 4 2 2 1 5 4 5 2 1 2 5 1 5 3 3 5 1 3 3 5 2 1 1 2 2 4 1 5 1 4 3 3 1 3 3 4 4 3 5 3 5 3 3 4 4 2 4 4 4 5 2 3 5 4 3 4 3 2 4 5 3 1 1 5 1
1 4 3 5 2 3 5 1 2 2 1 2 1 1 2 5 5 3 4 4 1 1 4 1 2 1 3 0 3 4 2 5 3 1 1 2 2 5 5 4 1 2 5 1 5 3 3 4 3 3 1 1 3 1 3 1 2 4 5 5 2 2 2 2 4 2 4 1 5 5 5 3 2 3 4 3 3 4 4 1 1 4 1 1 1 2 2 5 1 4 1 2 5 4 4 4 2 4 3 5
1 1 1 5 3 4 5 5 4 2 4 3 5 5 2 2 2 3 5 5 3 1 5 3 3 1 3 3 0 1 3 2 2 4 5 4 3 4 3 3 3 3 5 5 4 5 1 1 3 1 4 2 5 3 3 1 5 1 5 4 3 3 4 1 2 1 3 2 3 5 2 1 1 4 5 4 4 2 3 4 5 2 1 5 4 1 3 1 4 2 5 4 1 5 3 2 4 4 5 5
2 4 3 4 1 3 2 5 2 3 1 4 1 4 1 2 1 5 2 3 2 3 1 2 2 1 4 4 1 0 4 1 1 2 1 2 3 3 1 4 5 3 5 3 2 4 3 4 2 4 2 2 1 4 5 3 1 4 5 1 4 1 3 1 3 4 1 1 3 2 4 2 5 4 1 5 4 3 5 4 5 3 4 3 3 3 1 3 5 5 2 3 1 1 2 5 2 3 1 1
3 5 5 2 5 4 1 1 2 4 4 2 5 2 4 4 1 5 3 2 5 3 2 2 4 4 1 2 3 4 0 3 4 5 4 4 5 2 5 4 5 3 1 5 4 4 5 4 1 1 3 2 4 5 1 5 5 1 5 1 4 3 5 1 3 1 3 4 4 1 1 1 2 1 5 4 2 1 3 1 1 1 2 1 1 5 1 4 5 1 1 4 5 1 3 5 3 2 5 3
2 4 1 4 1 4 3 4 3 2 1 4 2 5 4 4 4 3 4 5 3 1 3 5 3 4 4 5 2 1 3 0 2 3 1 5 5 4 5 4 2 2 2 5 2 3 4 2 5 2 4 2 5 4 4 1 2 4 3 1 5 2 1 5 5 5 4 5 4 2 1 1 4 4 4 5 3 4 3 2 5 4 3 1 4 5 1 1 3 1 1 2 2 5 1 1 1 1 3 4
2 2 2 5 4 5 3 1 1 3 1 2 5 5 4 3 1 2 4 1 3 3 3 5 1 5 5 3 2 1 4 2 0 1 5 3 5 4 1 2 3 2 2 4 5 2 3 2 3 4 2 5 5 1 3 3 4 5 4 3 3 3 3 1 1 3 5 5 4 2 3 4 4 4 1 5 3 1 2 3 2 5 5 1 2 5 2 5 5 4 5 2 1 3 1 5 5 5 3 1
2 2 3 3 5 1 3 3 1 3 1 1 1 1 5 1 2 5 4 5 1 5 4 4 4 1 2 1 4 2 5 3 1 0 1 3 1 3 5 5 5 2 4 3 5 1 3 1 2 5 2 3 3 1 5 2 1 5 2 3 5 1 2 3 4 4 4 3 1 5 1 4 3 3 3 2 5 2 5 1 3 5 5 1 3 3 4 4 2 1 2 4 4 5 5 3 1 3 4 3
4 5 2 4 1 5 2 5 2 4 4 3 2 4 3 4 3 5 2 4 2 2 5 2 5 1 1 1 5 1 4 1 5 1 0 4 3 4 4 1 4 1 4 4 5 4 4 4 5 3 4 2 5 5 1 1 1 2 3 4 4 3 3 1 3 2 5 2 2 1 5 5 3 1 2 4 4 1 5 4 2 4 5 1 2 5 2 1 1 2 2 4 4 1 4 3 5 5 4 5
3 3 3 1 2 3 3 4 4 1 2 2 3 4 3 2 4 4 3 1 2 3 5 3 1 1 4 2 4 2 4 5 3 3 4 0 4 5 3 3 3 5 5 1 5 4 1 2 4 5 5 4 1 4 5 1 2 5 4 5 3 3 4 1 4 2 3 2 4 2 1 4 2 4 1 3 4 1 3 3 1 2 2 3 1 5 4 1 4 4 2 5 3 2 4 2 4 4 2 1
5 5 1 2 3 4 3 5 4 5 2 3 3 5 5 1 4 2 1 2 2 1 5 1 3 2 2 2 3 3 5 5 5 1 3 4 0 4 5 3 4 5 5 2 4 1 2 3 4 1 1 5 1 3 5 2 5 3 4 4 2 4 3 3 3 3 4 1 5 5 1 3 3 3 4 3 2 1 3 1 3 2 4 2 4 1 4 5 4 2 1 5 2 2 2 2 5 2 2 1
2 5 1 4 4 5 5 5 5 4 4 1 3 3 5 4 3 4 4 5 2 1 5 3 5 1 2 5 4 3 2 4 4 3 4 5 4 0 2 2 2 5 3 4 1 2 1 1 2 5 3 3 2 1 3 1 3 2 2 1 5 1 3 2 1 1 3 2 1 1 1 3 1 4 2 3 5 1 4 3 2 1 5 1 3 1 3 3 2 1 1 5 1 3 4 5 5 4 4 3
3 4 4 3 5 1 3 1 2 5 5 4 2 5 3 3 4 3 1 2 5 2 1 2 1 4 1 5 3 1 5 5 1 5 4 3 5 2 0 5 1 5 4 1 1 5 1 2 2 3 1 2 1 3 2 4 3 4 4 5 5 3 2 1 1 4 3 2 3 2 2 1 5 3 2 5 4 2 3 1 2 5 5 1 5 2 3 5 2 4 4 1 2 5 3 4 1 5 5 1
2 4 1 5 1 4 1 3 3 3 2 5 3 3 3 5 3 3 3 1 1 2 3 1 4 2 5 4 3 4 4 4 2 5 1 3 3 2 5 0 3 5 4 1 5 4 4 3 4 5 2 4 4 4 3 4 3 4 2 2 1 2 4 3 2 2 3 5 3 5 4 1 4 3 3 1 1 2 4 1 5 2 2 4 5 5 3 2 3 2 3 3 3 1 4 5 3 2 4 5
1 3 1 1 3 4 4 3 3 2 4 1 4 4 3 3 3 2 5 2 3 2 5 2 2 2 4 1 3 5 5 2 3 5 4 3 4 2 1 3 0 3 2 3 1 1 5 4 4 1 3 1 4 3 5 4 1 1 1 2 5 3 3 4 5 1 3 4 1 2 5 2 2 2 5 2 2 4 3 3 4 5 3 3 3 3 1 3 1 2 1 4 5 1 1 4 4 1 1 5
5 1 4 3 5 4 2 3 2 4 2 3 5 1 3 2 4 1 5 2 5 5 3 2 3 3 5 2 3 3 3 2 2 2 1 5 5 5 5 5 3 0 5 4 2 3 3 5 1 4 4 2 4 5 1 4 2 1 3 5 1 2 4 5 4 1 1 4 4 1 3 4 4 3 3 4 1 1 2 2 3 4 4 1 2 4 5 4 3 2 5 3 3 1 3 1 4 4 2 3
1 3 3 3 3 5 5 1 1 1 5 1 2 5 5 4 4 4 5 1 1 4 1 4 3 4 2 5 5 5 1 2 2 4 4 5 5 3 4 4 2 5 0 5 5 4 5 2 1 5 1 4 1 2 5 1 2 4 1 5 2 3 3 1 3 1 1 5 3 2 5 1 1 5 3 2 2 3 1 1 5 1 4 2 1 5 2 5 1 1 5 3 3 1 3 5 4 5 3 4
2 1 5 3 5 2 2 4 3 5 3 3 5 1 1 1 5 4 5 5 5 1 1 4 4 2 1 1 5 3 5 5 4 3 4 1 2 4 1 1 3 4 5 0 4 3 2 4 4 5 3 4 1 4 5 2 4 1 4 3 5 2 3 5 2 5 3 3 4 5 2 1 4 2 5 3 1 1 2 5 4 1 4 3 2 4 4 2 3 1 3 1 3 3 5 5 3 3 4 3
2 2 3 2 3 3 1 5 3 2 5 5 1 2 5 2 2 4 5 4 5 2 4 4 1 4 2 5 4 2 4 2 5 5 5 5 4 1 1 5 1 2 5 4 0 4 4 1 4 5 1 5 2 1 2 2 2 5 1 3 1 3 5 5 2 3 3 1 1 5 3 2 2 4 4 3 2 5 2 1 4 3 2 4 5 1 3 5 3 3 3 3 3 3 4 1 1 1 3 3
4 5 3 2 4 3 3 4 3 5 3 2 5 2 5 3 4 3 2 1 3 1 3 2 4 4 5 3 5 4 4 3 2 1 4 4 1 2 5 4 1 3 4 3 4 0 4 3 4 5 2 2 2 5 4 4 2 3 5 2 2 3 3 4 3 4 4 4 4 2 3 1 2 3 5 4 4 5 4 5 4 2 2 1 1 4 5 4 3 4 1 1 4 3 5 2 1 4 3 5
4 4 2 4 3 5 2 3 1 5 3 2 5 3 4 5 4 5 3 4 1 4 2 3 3 5 1 3 1 3 5 4 3 3 4 1 2 1 1 4 5 3 5 2 4 4 0 4 3 1 3 5 1 1 3 5 2 3 1 4 1 5 1 2 3 2 4 3 5 1 4 1 3 2 1 4 5 3 5 2 4 4 5 5 5 3 1 1 4 3 1 5 3 1 2 5 3 3 3 4
4 5 4 3 2 2 4 1 5 2 4 5 1 1 1 5 5 2 2 4 2 1 2 4 3 3 5 4 1 4 4 2 2 1 4 2 3 1 2 3 4 5 2 4 1 3 4 0 1 5 2 5 3 3 4 3 4 2 1 2 2 2 4 4 3 3 1 3 4 3 4 1 5 4 4 1 5 3 2 1 1 1 3 3 1 5 5 3 1 2 5 5 3 2 1 2 5 4 2 4
5 3 5 4 1 4 4 4 5 3 5 2 3 1 2 5 4 4 3 3 5 3 5 5 4 4 3 3 3 2 1 5 3 2 5 4 4 2 2 4 4 1 1 4 4 4 3 1 0 1 2 4 4 2 4 2 1 5 4 3 3 3 5 3 1 5 1 3 3 4 1 5 3 2 3 1 3 4 4 5 5 1 2 2 1 2 1 3 2 1 5 4 1 3 3 4 2 5 2 2
5 1 4 5 4 3 3 1 4 5 4 5 4 2 1 2 4 3 4 3 2 2 5 5 3 3 3 3 1 4 1 2 4 5 3 5 1 5 3 5 1 4 5 5 5 5 1 5 1 0 5 3 2 4 3 1 2 2 1 3 2 4 4 1 4 1 4 3 1 5 5 2 2 4 5 2 1 5 4 5 2 1 1 5 2 5 1 5 2 3 3 2 4 5 4 1 1 4 2 4
1 2 5 3 5 2 4 2 5 1 4 3 4 3 1 4 5 2 5 1 3 3 1 2 3 3 5 1 4 2 3 4 2 2 4 5 1 3 1 2 3 4 1 3 1 2 3 2 2 5 0 2 5 5 5 4 5 5 2 2 5 3 4 4 3 1 4 2 4 4 5 3 3 1 5 5 3 3 1 1 4 4 2 4 3 1 2 1 1 5 1 4 4 1 3 3 4 3 5 5
2 5 1 2 4 5 3 4 3 5 4 4 1 1 2 1 3 4 5 5 1 3 4 3 1 3 1 1 2 2 2 2 5 3 2 4 5 3 2 4 1 2 4 4 5 2 5 5 4 3 2 0 1 3 3 1 2 3 1 3 1 2 3 2 2 3 2 2 5 2 1 3 1 4 5 5 1 5 4 5 2 3 1 3 1 2 2 2 2 2 2 5 4 3 3 2 2 2 2 1
1 4 4 3 2 5 4 4 2 3 5 4 2 2 2 5 5 5 5 5 1 3 5 1 5 4 3 3 5 1 4 5 5 3 5 1 1 2 1 4 4 4 1 1 2 2 1 3 4 2 5 1 0 2 1 4 4 4 3 2 2 1 4 1 3 4 2 4 5 5 2 1 5 1 3 3 3 4 4 4 2 1 5 3 4 4 5 2 2 2 1 1 5 3 1 2 4 5 3 4
3 2 4 3 1 2 2 4 5 5 3 3 2 5 4 1 1 5 4 5 2 3 2 3 5 4 3 1 3 4 5 4 1 1 5 4 3 1 3 4 3 5 2 4 1 5 1 3 2 4 5 3 2 0 1 5 2 2 5 4 4 2 1 3 5 1 1 3 4 1 2 3 4 5 1 3 3 2 2 3 1 1 5 3 2 1 3 3 5 1 1 1 3 2 4 2 3 4 1 5
4 1 2 3 5 2 1 3 4 4 3 2 3 5 3 2 2 5 2 4 5 4 2 3 4 4 5 3 3 5 1 4 3 5 1 5 5 3 2 3 5 1 5 5 2 4 3 4 4 3 5 3 1 1 0 3 4 4 4 5 3 2 3 2 5 1 4 1 2 4 3 3 2 1 4 3 2 5 4 1 1 3 2 3 4 4 5 1 2 1 4 2 3 4 3 3 1 5 2 1
4 4 5 4 1 2 3 2 4 5 1 1 3 2 5 1 4 5 2 4 4 1 4 1 4 3 2 1 1 3 5 1 3 2 1 1 2 1 4 4 4 4 1 2 2 4 5 3 2 1 4 1 4 5 3 0 5 4 4 5 1 4 5 1 4 4 3 2 3 1 1 5 4 3 4 5 2 2 4 1 2 5 1 3 3 1 3 1 3 5 1 3 5 2 2 2 3 2 3 2
3 3 2 2 3 5 5 1 5 1 4 2 3 2 4 2 5 4 4 5 3 5 4 3 4 1 1 2 5 1 5 2 4 1 1 2 5 3 3 3 1 2 2 4 2 2 2 4 1 2 5 2 4 2 4 5 0 1 1 5 2 3 5 1 5 2 4 2 1 5 2 1 3 4 2 4 5 3 1 3 3 4 1 2 3 3 5 4 2 1 4 4 2 1 5 1 2 4 5 3
1 5 1 2 5 4 5 2 1 1 1 5 5 5 3 5 2 3 1 1 1 2 5 3 2 5 1 4 1 4 1 4 5 5 2 5 3 2 4 4 1 1 4 1 5 3 3 2 5 2 5 3 4 2 4 4 1 0 4 2 4 1 5 2 2 5 5 5 2 1 4 1 5 4 2 5 5 2 2 1 3 4 1 4 3 4 5 4 1 4 1 2 1 5 2 1 4 1 1 1
5 2 2 2 2 4 2 1 1 4 5 5 5 4 2 5 2 1 1 3 2 1 5 3 5 1 2 5 5 5 5 3 4 2 3 4 4 2 4 2 1 3 1 4 1 5 1 1 4 1 2 1 3 5 4 4 1 4 0 1 5 1 2 2 5 1 1 1 3 2 4 5 5 4 4 1 3 2 3 1 2 3 1 4 3 5 1 2 2 4 3 4 1 2 2 1 2 5 1 5
4 4 5 3 5 2 3 2 5 3 3 5 3 3 1 1 2 5 2 2 5 4 4 3 3 3 2 5 4 1 1 1 3 3 4 5 4 1 5 2 2 5 5 3 3 2 4 2 3 3 2 3 2 4 5 5 5 2 1 0 5 2 5 3 5 4 5 4 3 5 2 1 2 3 3 5 5 4 2 2 3 5 4 5 4 4 5 2 3 3 2 5 5 3 1 1 2 1 2 1
4 1 3 1 5 1 1 3 5 1 5 5 5 5 3 4 1 1 5 4 5 2 4 5 1 4 4 2 3 4 4 5 3 5 4 3 2 5 5 1 5 1 2 5 1 2 1 2 3 2 5 1 2 4 3 1 2 4 5 5 0 1 1 4 1 4 5 4 1 4 2 1 1 2 2 4 3 4 2 4 2 3 2 5 3 5 3 5 3 2 2 3 2 4 4 2 5 1 5 3
5 1 4 4 5 4 3 4 5 3 5 5 4 3 5 1 1 4 1 5 1 3 2 1 1 5 1 2 3 1 3 2 3 1 3 3 4 1 3 2 3 2 3 2 3 3 5 2 3 4 3 2 1 2 2 4 3 1 1 2 1 0 5 2 4 2 1 2 5 3 5 2 2 3 1 1 2 4 1 4 2 4 2 3 2 2 4 4 1 3 4 5 5 5 1 3 3 3 3 5
5 3 5 3 2 4 3 1 5 4 4 2 2 1 2 5 5 5 5 1 4 5 3 5 4 2 5 2 4 3 5 1 3 2 3 4 3 3 2 4 3 4 3 3 5 3 1 4 5 4 4 3 4 1 3 5 5 5 2 5 1 5 0 2 3 2 4 4 3 2 1 1 5 5 3 1 1 3 1 3 2 5 4 1 2 5 5 5 2 2 1 2 2 5 3 2 2 2 2 3
3 1 5 1 5 1 2 5 1 3 4 4 3 2 3 4 1 2 3 4 5 4 3 2 2 3 1 2 1 1 1 5 1 3 1 1 3 2 1 3 4 5 1 5 5 4 2 4 3 1 4 2 1 3 2 1 1 2 2 3 4 2 2 0 3 2 3 4 4 1 4 3 5 2 5 4 1 3 4 4 2 5 1 5 3 3 2 1 1 2 5 2 3 5 3 2 5 3 4 2
1 1 5 3 1 4 2 2 2 1 4 5 3 4 2 2 4 5 4 1 4 5 1 3 3 4 4 4 2 3 3 5 1 4 3 4 3 1 1 2 5 4 3 2 2 3 3 3 1 4 3 2 3 5 5 4 5 2 5 5 1 4 3 3 0 5 2 3 4 4 1 1 5 1 5 5 4 3 4 4 4 3 2 2 3 3 1 1 4 3 4 3 2 2 4 1 1 4 4 2
2 2 1 3 4 3 5 2 5 4 5 3 2 5 5 2 2 3 2 3 4 4 2 3 3 4 3 2 1 4 1 5 3 4 2 2 3 1 4 2 1 1 1 5 3 4 2 3 5 1 1 3 4 1 1 4 2 5 1 4 4 2 2 2 5 0 5 2 5 2 1 1 1 2 4 1 5 3 2 5 2 3 3 5 2 5 1 3 3 5 4 3 2 1 4 3 1 3 4 5
2 4 1 5 5 1 3 2 1 1 4 2 4 2 2 5 3 2 2 3 3 4 5 4 1 4 3 4 3 1 3 4 5 4 5 3 4 3 3 3 3 1 1 3 3 4 4 1 1 4 4 2 2 1 4 3 4 5 1 5 5 1 4 3 2 5 0 5 5 3 2 1 5 3 1 5 1 5 4 5 1 5 4 5 4 4 1 4 3 1 4 5 3 2 1 5 4 4 2 5
5 5 3 4 2 5 3 2 1 1 3 4 5 3 5 2 4 2 2 1 5 3 2 1 4 1 1 1 2 1 4 5 5 3 2 2 1 2 2 5 4 4 5 3 1 4 3 3 3 3 2 2 4 3 1 2 2 5 1 4 4 2 4 4 3 2 5 0 3 3 4 4 2 3 4 3 3 3 3 2 1 4 4 3 4 1 2 5 4 3 4 4 3 3 3 2 5 5 1 4
3 3 5 4 3 1 3 1 2 2 1 2 3 4 5 4 3 5 4 5 3 5 3 5 1 2 3 5 3 3 4 4 4 1 2 4 5 1 3 3 1 4 3 4 1 4 5 4 3 1 4 5 5 4 2 3 1 2 3 3 1 5 3 4 4 5 5 3 0 4 5 4 4 3 3 1 1 3 4 5 2 2 3 3 1 5 3 4 5 3 4 1 4 2 2 5 3 3 2 1
3 2 3 4 1 4 5 2 4 5 4 4 2 2 3 5 5 4 4 1 2 1 3 3 4 3 3 5 5 2 1 2 2 5 1 2 5 1 2 5 2 1 2 5 5 2 1 3 4 5 4 2 5 1 4 1 5 1 2 5 4 3 2 1 4 2 3 3 4 0 5 3 1 5 4 2 4 4 1 4 4 3 2 4 2 4 5 2 2 4 1 1 5 5 1 1 1 1 2 2
1 3 5 3 3 4 4 4 4 1 2 2 5 5 5 2 5 3 2 3 3 3 4 1 1 2 4 5 2 4 1 1 3 1 5 1 1 1 2 4 5 3 5 2 3 3 4 4 1 5 5 1 2 2 3 1 2 4 4 2 2 5 1 4 1 1 2 4 5 5 0 3 4 3 3 3 5 2 3 1 3 4 2 2 1 3 2 5 2 2 5 4 3 4 3 2 3 1 5 4
3 3 1 3 2 1 2 5 5 3 3 1 1 3 3 5 3 5 1 5 5 4 3 5 2 4 4 3 1 2 1 1 4 4 5 4 3 3 1 1 2 4 1 1 2 1 1 1 5 2 3 3 1 3 3 5 1 1 5 1 1 2 1 3 1 1 1 4 4 3 3 0 3 5 2 3 4 5 1 1 2 3 1 1 5 5 2 3 2 5 1 5 3 4 3 1 5 2 3 4
3 1 2 5 2 5 4 3 2 5 1 2 1 1 3 1 1 4 3 1 3 1 3 5 2 4 3 2 1 5 2 4 4 3 3 2 3 1 5 4 2 4 1 4 2 2 3 5 3 2 3 1 5 4 2 4 3 5 5 2 1 2 5 5 5 1 5 2 4 1 4 3 0 2 1 3 5 3 3 3 3 4 1 4 5 2 4 1 5 4 2 5 1 2 2 3 2 1 2 5
5 1 2 2 5 5 4 5 5 4 5 2 5 3 1 1 2 2 2 2 4 4 3 2 1 2 5 3 4 4 1 4 4 3 1 4 3 4 3 3 2 3 5 2 4 3 2 4 2 4 1 4 1 5 1 3 4 4 4 3 2 3 5 2 1 2 3 3 3 5 3 5 2 0 2 2 2 2 3 1 1 5 3 1 4 4 3 5 2 1 5 1 5 3 5 5 3 3 5 2
5 1 1 2 1 3 5 3 4 2 4 1 3 4 1 3 3 5 5 1 4 1 2 3 4 1 3 4 5 1 5 4 1 3 2 1 4 2 2 3 5 3 3 5 4 5 1 4 3 5 5 5 3 1 4 4 2 2 4 3 2 1 3 5 5 4 1 4 3 4 3 2 1 2 0 4 3 4 5 3 5 4 4 2 1 4 4 5 3 4 3 3 4 5 1 1 1 3 5 3
4 3 4 5 1 3 3 2 4 5 4 1 3 2 4 4 4 1 4 4 3 1 3 3 5 2 5 3 4 5 4 5 5 2 4 3 3 3 5 1 2 4 2 3 3 4 4 1 1 2 5 5 3 3 3 5 4 5 1 5 4 1 1 4 5 1 5 3 1 2 3 3 3 2 4 0 2 5 2 3 5 4 2 1 5 2 4 1 3 2 3 2 4 3 1 3 5 5 1 2
2 2 4 5 1 4 5 3 4 3 5 2 4 2 5 2 3 3 3 1 2 2 3 4 4 4 3 3 4 4 2 3 3 5 4 4 2 5 4 1 2 1 2 1 2 4 5 5 3 1 3 1 3 3 2 2 5 5 3 5 3 2 1 1 4 5 1 3 1 4 5 4 5 2 3 2 0 5 5 3 4 1 1 2 3 4 2 3 5 1 3 1 2 3 2 3 5 4 3 2
5 4 2 2 2 3 1 1 4 4 3 1 1 2 5 5 1 1 3 5 3 5 4 2 2 3 3 4 2 3 1 4 1 2 1 1 1 1 2 2 4 1 3 1 5 5 3 3 4 5 3 5 4 2 5 2 3 2 2 4 4 4 3 3 3 3 5 3 3 4 2 5 3 2 4 5 5 0 4 5 2 2 4 4 4 1 4 3 2 2 1 2 5 3 4 4 1 2 3 5
5 4 1 3 1 4 1 1 2 1 4 4 1 5 2 2 2 5 2 2 1 4 3 4 3 4 4 4 3 5 3 3 2 5 5 3 3 4 3 4 3 2 1 2 2 4 5 2 4 4 1 4 4 2 4 4 1 2 3 2 2 1 1 4 4 2 4 3 4 1 3 1 3 3 5 2 5 4 0 2 2 5 2 3 4 1 1 3 5 4 2 1 5 3 5 1 5 3 3 5
3 1 2 3 5 3 1 5 5 4 1 4 1 1 1 4 1 5 4 5 1 2 5 4 2 1 4 1 4 4 1 2 3 1 4 3 1 3 1 1 3 2 1 5 1 5 2 1 5 5 1 5 4 3 1 1 3 1 1 2 4 4 3 4 4 5 5 2 5 4 1 1 3 1 3 3 3 5 2 0 5 5 3 4 5 4 3 1 1 5 5 4 1 5 4 4 4 5 2 3
4 5 2 1 3 3 2 5 4 4 3 3 5 1 2 5 2 4 5 3 4 4 1 2 4 4 2 1 5 5 1 5 2 3 2 1 3 2 2 5 4 3 5 4 4 4 4 1 5 2 4 2 2 1 1 2 3 3 2 3 2 2 2 2 4 2 1 1 2 4 3 2 3 1 5 5 4 2 2 5 0 5 2 3 5 4 4 5 3 1 1 1 5 3 3 5 1 4 3 1
1 4 1 5 1 2 5 3 1 5 3 3 5 1 1 3 3 3 5 3 4 1 2 3 5 2 4 4 2 3 1 4 5 5 4 2 2 1 5 2 5 4 1 1 3 2 4 1 1 1 4 3 1 1 3 5 4 4 3 5 3 4 5 5 3 3 5 4 2 3 4 3 4 5 4 4 1 2 5 5 5 0 5 4 2 2 4 2 2 4 2 5 1 5 4 5 2 3 3 2
2 1 4 3 5 2 3 3 4 4 1 3 2 3 3 3 3 4 5 4 3 2 4 4 2 2 4 1 1 4 2 3 5 5 5 2 4 5 5 2 3 4 4 4 2 2 5 3 2 1 2 1 5 5 2 1 1 1 1 4 2 2 4 1 2 3 4 4 3 2 2 1 1 3 4 2 1 4 2 3 2 5 0 2 5 1 2 2 2 4 1 2 5 1 5 3 1 2 5 3
1 2 5 2 2 2 2 5 4 4 5 4 5 4 3 4 2 2 3 1 2 4 5 1 2 3 4 1 5 3 1 1 1 1 1 3 2 1 1 4 3 1 2 3 4 1 5 3 2 5 4 3 3 3 3 3 2 4 4 5 5 3 1 5 2 5 5 3 3 4 2 1 4 1 2 1 2 4 3 4 3 4 2 0 1 3 4 3 4 1 5 3 4 5 3 5 5 1 1 1
4 2 3 2 5 1 5 4 5 4 4 3 5 5 1 1 3 1 1 2 3 4 3 4 2 2 5 1 4 3 1 4 2 3 2 1 4 3 5 5 3 2 1 2 5 1 5 1 1 2 3 1 4 2 4 3 3 3 3 4 3 2 2 3 3 2 4 4 1 2 1 5 5 4 1 5 3 4 4 5 5 2 5 1 0 3 1 4 2 2 3 2 2 2 1 3 2 4 4 4
1 4 2 5 3 4 5 4 2 2 1 1 5 1 3 5 3 2 3 2 2 4 5 4 1 4 2 2 1 3 5 5 5 3 5 5 1 1 2 5 3 4 5 4 1 4 3 5 2 5 1 2 4 1 4 1 3 4 5 4 5 2 5 3 3 5 4 1 5 4 3 5 2 4 4 2 4 1 1 4 4 2 1 3 3 0 1 2 4 4 3 2 2 3 1 3 1 5 2 3
1 3 1 5 5 4 4 3 5 3 1 4 1 3 4 2 5 1 2 1 2 1 3 3 2 1 3 2 3 1 1 1 2 4 2 4 4 3 3 3 1 5 2 4 3 5 1 5 1 1 2 2 5 3 5 3 5 5 1 5 3 4 5 2 1 1 1 2 3 5 2 2 4 3 4 4 2 4 1 3 4 4 2 4 1 1 0 2 3 4 2 2 4 5 3 3 2 5 5 1
2 1 3 3 4 4 1 2 1 4 1 3 5 3 5 1 1 3 1 2 3 3 2 3 5 3 5 5 1 3 4 1 5 4 1 1 5 3 5 2 3 4 5 2 5 4 1 3 3 5 1 2 2 3 1 1 4 4 2 2 5 4 5 1 1 3 4 5 4 2 5 3 1 5 5 1 3 3 3 1 5 2 2 3 4 2 2 0 2 5 3 3 5 3 3 2 2 2 1 4
3 4 4 1 4 2 3 5 5 2 1 5 4 1 5 1 5 4 3 3 5 3 1 1 2 4 4 1 4 5 5 3 5 2 1 4 4 2 2 3 1 3 1 3 3 3 4 1 2 2 1 2 2 5 2 3 2 1 2 3 3 1 2 1 4 3 3 4 5 2 2 2 5 2 3 3 5 2 5 1 3 2 2 4 2 4 3 2 0 5 2 3 1 3 3 2 4 5 1 5
1 4 1 4 3 2 5 4 1 3 2 2 4 5 4 4 3 5 4 2 3 5 2 1 1 5 3 4 2 5 1 1 4 1 2 4 2 1 4 2 2 2 1 1 3 4 3 2 1 3 5 2 2 1 1 5 1 4 4 3 2 3 2 2 3 5 1 3 3 4 2 5 4 1 4 2 1 2 4 5 1 4 4 1 2 4 4 5 5 0 2 1 4 1 5 4 2 5 4 5
3 1 3 2 4 2 2 5 2 4 3 4 5 3 5 1 4 5 1 2 1 1 5 4 1 5 4 1 5 2 1 1 5 2 2 2 1 1 4 3 1 5 5 3 3 1 1 5 5 3 1 2 1 1 4 1 4 1 3 2 2 4 1 5 4 4 4 4 4 1 5 1 2 5 3 3 3 1 2 5 1 2 1 5 3 3 2 3 2 2 0 2 4 1 2 4 2 2 2 3
3 1 2 3 4 4 4 3 1 4 3 3 5 2 3 3 2 4 4 4 4 5 2 2 4 5 3 2 4 3 4 2 2 4 4 5 5 5 1 3 4 3 3 1 3 1 5 5 4 2 4 5 1 1 2 3 4 2 4 5 3 5 2 2 3 3 5 4 1 1 4 5 5 1 3 2 1 2 1 4 1 5 2 3 2 2 2 3 3 1 2 0 3 4 4 5 1 1 1 3
4 2 1 4 3 1 3 4 1 1 2 5 2 5 4 2 4 4 2 1 2 4 2 4 4 3 2 5 1 1 5 2 1 4 4 3 2 1 2 3 5 3 3 3 3 4 3 3 1 4 4 4 5 3 3 5 2 1 1 5 2 5 2 3 2 2 3 3 4 5 3 3 1 5 4 4 2 5 5 1 5 1 5 4 2 2 4 5 1 4 4 3 0 2 1 4 1 1 3 4
1 1 5 1 4 5 5 3 3 3 5 3 1 5 1 2 3 1 1 5 5 5 3 2 2 4 4 4 5 1 1 5 3 5 1 2 2 3 5 1 1 1 1 3 3 3 1 2 3 5 1 3 3 2 4 2 1 5 2 3 4 5 5 5 2 1 2 3 2 5 4 4 2 3 5 3 3 3 3 5 3 5 1 5 2 3 5 3 3 1 1 4 2 0 1 3 4 3 1 5
2 2 4 3 4 5 5 5 3 2 5 5 1 4 5 4 5 3 5 5 4 1 3 5 4 5 5 4 3 2 3 1 1 5 4 4 2 4 3 4 1 3 3 5 4 5 2 1 3 4 3 3 1 4 3 2 5 2 2 1 4 1 3 3 4 4 1 3 2 1 3 3 2 5 1 1 2 4 5 4 3 4 5 3 1 1 3 3 3 5 2 4 1 1 0 2 3 3 5 3
5 4 3 4 2 3 3 2 2 2 4 3 3 5 2 1 1 2 3 1 4 4 3 5 5 2 3 4 2 5 5 1 5 3 3 2 2 5 4 5 4 1 5 5 1 2 5 2 4 1 3 2 2 2 3 2 1 1 1 1 2 3 2 2 1 3 5 2 5 1 2 1 3 5 1 3 3 4 1 4 5 5 3 5 3 3 3 2 2 4 4 5 4 3 2 0 4 3 4 5
3 5 5 4 2 4 2 5 1 2 4 3 4 2 1 5 2 3 4 4 2 2 3 2 2 4 1 2 4 2 3 1 5 1 5 4 5 5 1 3 4 4 4 3 1 1 3 5 2 1 4 2 4 3 1 3 2 4 2 2 5 3 2 5 1 1 4 5 3 1 3 5 2 3 1 5 5 1 5 4 1 2 1 5 2 1 2 2 4 2 2 1 1 4 3 4 0 3 2 3
3 5 4 1 2 1 1 2 5 4 1 1 1 2 3 1 1 3 2 2 2 2 4 5 3 4 1 4 4 3 2 1 5 3 5 4 2 4 5 2 1 4 5 3 1 4 3 4 5 4 3 2 5 4 5 2 4 1 5 1 1 3 2 3 4 3 4 5 3 1 1 2 1 3 3 5 4 2 3 5 4 3 2 1 4 5 5 2 5 5 2 1 1 3 3 3 3 0 5 1
5 1 1 3 2 5 2 3 3 2 5 4 2 3 3 5 2 5 1 2 3 4 5 5 4 2 5 3 5 1 5 3 3 4 4 2 2 4 5 4 1 2 3 4 3 3 3 2 2 2 5 2 3 1 2 3 5 1 1 2 5 3 2 4 4 4 2 1 2 2 5 3 2 5 5 1 3 3 3 2 3 3 5 1 4 2 5 1 1 4 2 1 3 1 5 4 2 5 0 1
3 5 3 1 5 2 5 5 5 4 1 1 1 1 4 3 2 2 5 4 3 4 2 4 5 1 1 5 5 1 3 4 1 3 5 1 1 3 1 5 5 3 4 3 3 5 4 4 2 4 5 1 4 5 1 2 3 1 5 1 3 5 3 2 2 5 5 4 1 2 4 4 5 2 3 2 2 5 5 3 1 2 3 1 4 3 1 4 5 5 3 3 4 5 3 5 3 1 1 0
