20
6 12 17 3 2 5 10 16 14 8 20 18 14 7 16 19 6 8 14 1
188 222 19 159 132 228 109 128 53 144 93 177 245 156 66 271 195 206 37 99
54 16 54 80 61 78 42 100 47 92 71 79 95 16 16 26 53 98 73 44

1 2 5 5 4 2 1 5 5 4 3 3 3 1 1 5 3 3 1 2
0 2 5 5 4 2 1 5 5 4 3 3 3 1 1 5 3 3 1 2
2 0 4 3 5 3 3 5 5 2 4 5 2 4 3 3 3 4 5 5
5 4 0 3 4 1 2 1 1 3 2 1 4 4 2 1 1 2 2 2
5 3 3 0 3 2 3 4 5 4 5 1 2 1 4 5 3 5 5 1
4 5 4 3 0 5 3 1 5 5 4 3 5 2 3 3 1 2 5 5
2 3 1 2 5 0 1 5 2 4 1 3 3 3 2 5 2 1 5 2
1 3 2 3 3 1 0 3 2 2 4 2 5 3 1 5 3 1 3 1
5 5 1 4 1 5 3 0 5 2 4 5 5 1 2 4 5 3 3 1
5 5 1 5 5 2 2 5 0 1 5 4 1 2 1 3 2 4 1 1
4 2 3 4 5 4 2 2 1 0 1 1 1 3 5 5 2 4 1 5
3 4 2 5 4 1 4 4 5 1 0 1 3 5 4 5 4 1 2 5
3 5 1 1 3 3 2 5 4 1 1 0 1 4 4 5 5 4 2 5
3 2 4 2 5 3 5 5 1 1 3 1 0 4 4 3 4 4 5 1
1 4 4 1 2 3 3 1 2 3 5 4 4 0 1 1 4 2 3 3
1 3 2 4 3 2 1 2 1 5 4 4 4 1 0 5 5 4 2 5
5 3 1 5 3 5 5 4 3 5 5 5 3 1 5 0 1 2 4 5
3 3 1 3 1 2 3 5 2 2 4 5 4 4 5 1 0 3 4 3
3 4 2 5 2 1 1 3 4 4 1 4 4 2 4 2 3 0 4 2
1 5 2 5 5 5 3 3 1 1 2 2 5 3 2 4 4 4 0 2
2 5 2 1 5 2 1 1 1 5 5 5 1 3 5 5 3 2 2 0
