200
13 8 18 13 16 14 11 3 5 1 5 14 5 7 19 17 19 1 9 19 8 14 7 18 19 14 12 5 18 16 6 3 19 8 18 8 4 11 19 12 17 7 4 19 15 20 4 3 8 15 16 11 6 11 19 18 15 2 19 18 1 7 18 15 10 10 9 9 13 1 2 17 9 15 3 9 10 9 1 18 13 17 14 17 20 3 8 11 17 4 13 13 3 1 12 16 14 18 16 9 11 4 11 12 2 14 9 17 13 19 7 15 13 19 7 8 2 3 13 4 2 2 5 12 2 17 9 18 13 14 20 10 12 9 3 13 5 4 3 4 17 8 17 3 19 8 4 19 6 19 8 14 10 13 5 1 5 1 3 1 20 7 4 18 4 2 19 8 16 3 5 1 12 3 10 12 7 15 14 20 9 20 14 8 13 1 2 1 19 8 1 7 14 20 8 11 4 13 1 1
2061 1163 1398 377 19 316 301 1873 2590 801 1509 2379 1958 1562 616 1326 471 35 415 1107 772 2017 904 1733 1912 1485 263 698 2668 1217 930 1589 138 204 1361 1583 1119 851 78 442 2648 386 1819 1753 1087 2222 404 249 1438 1235 2472 1056 1008 1031 955 2631 2255 1268 1651 1199 2606 1782 2526 919 2105 1852 984 791 970 2586 287 158 86 750 777 31 1772 425 53 283 2119 730 2397 335 2447 2230 1712 818 1632 1570 2135 1691 481 1973 192 2277 2205 2492 870 2423 519 444 1524 1540 1465 2346 2094 2186 1891 2082 838 1870 2334 1948 2504 2581 1274 453 1426 1997 799 595 49 179 1762 1990 1969 2313 2414 551 1148 2604 999 691 876 890 756 1123 2044 1757 635 1553 230 1526 2038 1377 2316 1675 1068 1306 1285 1833 242 2150 1810 2452 1614 92 1060 2594 2570 2242 395 1805 709 1365 363 681 580 1039 1697 1263 1414 555 1176 535 585 1500 2545 1460 1338 1257 2169 1604 667 2510 507 1946 505 2287 2279 1017 2365 115 1923 829 166 649 38 210
93 52 77 41 12 82 37 68 63 55 56 29 75 12 53 100 91 99 56 55 96 29 96 34 23 24 65 86 91 90 71 52 44 85 57 18 50 65 67 63 82 10 24 86 27 60 13 71 32 87 12 22 91 18 69 75 39 17 75 50 60 88 64 11 76 99 82 50 12 80 84 26 49 93 98 61 75 20 59 40 61 95 38 24 90 71 11 32 70 47 12 91 18 46 54 80 95 63 64 61 56 22 86 29 88 64 84 63 70 13 64 33 89 15 57 80 30 43 13 40 86 47 48 33 66 39 69 31 67 43 72 89 100 20 47 83 50 99 15 77 85 32 72 71 97 56 71 22 26 10 65 44 49 32 18 61 91 15 79 89 90 14 65 57 85 92 28 81 52 17 28 23 81 31 93 82 100 11 57 76 26 95 37 30 46 67 67 19 20 98 37 64 25 74 65 45 31 96 93 39

0 5 1 3 1 1 5 1 4 3 4 4 3 3 2 4 5 5 3 3 1 1 5 2 2 5 2 5 4 2 2 3 5 3 4 4 1 2 5 5 2 5 5 5 4 1 3 2 2 2 2 5 2 3 5 1 1 2 4 2 4 3 4 3 4 4 1 1 5 5 4 1 1 1 3 5 5 2 4 5 1 1 5 3 4 3 1 2 3 5 4 1 1 4 5 4 4 5 4 5 3 4 3 1 3 4 1 1 3 3 3 4 5 1 5 2 5 2 5 2 1 4 2 3 4 4 3 3 2 3 4 3 1 4 2 5 2 5 4 3 3 3 2 4 5 5 3 2 2 4 4 3 1 5 3 4 3 2 5 2 5 5 4 5 3 4 2 1 2 3 3 4 2 4 1 5 4 3 1 2 5 5 2 3 3 5 2 5 5 3 2 3 5 4 3 1 3 5 2 2
5 0 4 2 3 1 4 1 4 4 1 1 5 5 5 1 2 3 1 5 3 5 1 5 5 2 3 2 3 3 2 5 4 2 5 1 3 1 2 4 1 2 5 2 2 3 1 5 2 4 1 4 3 3 1 4 4 1 1 3 2 3 5 3 5 1 5 3 3 5 2 2 1 2 4 2 1 3 2 2 3 4 3 1 1 3 4 2 2 4 1 2 2 4 5 1 5 2 5 3 3 4 3 4 3 5 1 4 5 5 4 5 3 3 5 3 2 1 2 4 5 2 3 2 3 2 4 4 1 5 5 2 5 5 5 5 5 2 5 5 3 1 2 4 3 1 3 1 5 3 5 2 4 5 5 3 3 3 2 2 5 5 4 3 5 4 1 1 5 5 3 2 5 3 4 4 3 2 4 3 4 2 2 5 5 3 3 5 2 3 2 4 4 3 2 4 3 1 1 3
1 4 0 2 5 3 1 2 5 2 5 4 1 4 3 2 4 5 5 1 1 1 2 1 1 2 2 1 5 4 1 5 4 5 3 5 2 3 2 2 5 2 5 2 2 2 5 2 1 4 5 4 4 2 2 5 2 4 3 1 1 1 2 2 2 4 1 5 1 1 4 2 5 2 1 4 2 3 3 4 5 5 4 5 1 1 3 3 2 2 1 2 1 5 5 5 5 4 5 3 1 3 4 2 5 3 3 1 4 5 2 5 3 1 3 3 2 2 1 1 4 4 4 3 4 3 2 5 2 3 1 1 3 2 3 2 1 1 5 5 2 2 1 5 5 3 3 4 4 3 1 4 2 4 1 2 5 5 4 5 4 5 5 2 5 1 1 2 1 3 1 2 3 1 4 5 4 5 1 3 2 4 4 1 4 1 5 3 1 5 5 5 4 4 2 5 5 3 4 3
3 2 2 0 2 1 4 2 2 3 2 1 2 3 1 5 5 1 4 4 4 2 5 5 3 5 4 3 5 3 3 1 2 2 2 3 5 5 1 5 4 2 4 5 1 1 4 1 5 4 5 1 3 1 5 2 3 5 2 2 5 4 4 2 3 5 3 1 2 1 3 2 1 4 5 4 4 4 1 3 3 5 5 2 3 5 5 3 1 3 4 4 5 1 1 1 1 2 5 2 2 5 4 1 2 5 4 1 4 2 2 1 3 1 1 3 2 5 1 4 1 5 1 5 4 3 2 5 5 4 1 1 3 5 1 4 3 4 1 1 2 4 5 4 3 3 3 1 2 4 4 5 4 5 5 4 5 1 2 1 3 1 2 4 2 2 5 4 2 5 5 1 1 4 4 3 1 4 5 2 3 2 1 5 3 4 3 3 3 4 3 2 4 4 1 4 2 3 1 3
1 3 5 2 0 3 5 5 4 1 2 4 5 4 5 4 2 3 4 4 3 4 2 1 2 4 1 1 3 3 2 2 5 4 3 2 2 5 2 3 4 3 1 4 5 4 5 5 4 4 5 1 5 2 4 2 4 5 2 1 4 3 5 3 5 3 4 5 5 3 4 1 2 4 2 5 4 1 5 2 1 2 3 4 3 4 3 2 2 5 2 5 2 5 5 2 2 2 5 2 3 2 1 2 1 3 1 3 3 2 4 5 4 5 4 1 4 1 5 4 3 1 5 1 2 4 3 4 2 3 1 1 2 2 5 3 1 1 4 4 4 1 1 2 2 5 4 3 2 3 4 1 2 1 4 4 1 4 4 4 3 4 2 2 3 5 2 1 1 2 5 4 5 2 3 1 3 1 5 3 4 3 4 3 1 3 1 3 4 2 5 1 1 4 3 3 5 1 4 2
1 1 3 1 3 0 5 3 5 5 4 2 1 1 3 1 5 2 3 5 5 5 4 3 2 2 3 4 5 4 5 5 5 2 3 3 3 3 5 1 1 3 1 3 5 2 1 5 1 4 5 1 5 1 1 5 3 3 2 1 2 1 3 2 2 1 2 4 2 3 1 4 5 5 2 5 3 5 2 3 4 3 3 2 3 2 4 5 3 5 5 2 1 2 2 2 4 3 5 2 4 3 4 4 1 3 2 4 4 3 3 3 3 5 1 1 1 4 1 2 2 2 1 4 1 3 5 4 5 5 1 4 5 1 4 1 2 1 5 1 4 5 2 5 3 4 5 2 4 1 2 2 2 2 3 2 5 4 1 1 3 4 2 5 2 1 2 3 5 3 1 2 4 4 3 3 1 4 5 3 1 3 2 3 5 1 2 2 3 2 4 3 3 1 2 4 2 3 1 2
5 4 1 4 5 5 0 1 3 3 3 5 4 4 3 3 4 4 1 2 3 4 4 2 1 2 1 2 1 4 2 2 5 3 3 2 5 1 3 2 3 1 5 1 4 5 5 3 2 5 3 2 5 2 3 4 3 4 2 5 1 4 2 5 3 2 3 2 1 2 2 1 5 4 4 4 4 3 1 1 5 5 3 3 2 2 2 5 2 3 5 1 4 5 4 1 3 2 1 5 5 3 3 3 1 2 4 5 1 4 5 4 2 5 3 4 2 4 3 3 3 4 4 5 5 3 2 3 1 5 5 2 1 1 3 1 1 5 5 3 4 4 2 1 2 1 3 3 5 5 2 1 1 4 3 4 1 3 4 3 1 3 2 2 1 1 2 1 4 1 1 2 4 4 5 4 3 1 5 4 1 2 4 3 2 3 3 1 3 4 3 5 4 2 3 1 5 2 1 1
1 1 2 2 5 3 1 0 3 4 2 3 4 1 1 2 1 5 2 4 3 1 5 5 3 4 3 1 5 3 2 3 5 3 1 3 5 3 3 3 2 3 4 3 3 4 5 1 5 2 5 4 3 5 5 4 5 5 2 2 1 5 3 3 4 4 4 2 4 2 1 2 2 5 5 5 3 3 2 3 2 4 2 3 1 1 1 1 5 5 2 1 1 2 5 4 1 5 5 4 3 1 3 3 1 2 5 3 4 2 1 3 3 1 3 1 1 5 2 3 3 4 3 2 3 2 5 4 4 4 3 3 3 2 1 2 3 4 5 3 5 1 4 5 5 5 1 3 3 4 3 3 4 3 3 3 3 2 3 5 5 4 2 1 3 4 2 5 2 3 1 1 4 4 1 5 2 4 1 2 4 4 2 2 4 4 5 3 5 3 1 3 5 1 2 3 1 2 4 5
4 4 5 2 4 5 3 3 0 2 5 4 4 3 1 1 4 1 5 5 3 1 1 5 2 1 3 2 4 3 1 4 5 1 3 2 4 3 4 5 5 3 5 2 3 1 3 5 2 5 4 4 1 1 5 5 5 5 3 5 1 3 4 4 2 3 4 4 2 1 5 3 1 3 5 4 5 3 2 3 3 3 1 5 2 5 1 4 5 5 1 4 2 3 5 2 3 2 5 3 3 1 5 4 5 3 4 3 3 2 5 4 5 3 5 2 4 1 1 3 3 2 2 1 3 3 5 4 2 3 4 1 5 3 3 5 3 3 5 5 1 2 5 5 4 1 1 2 5 4 5 2 1 3 2 3 4 2 2 2 4 4 1 3 5 2 5 2 1 4 4 2 5 2 3 1 2 4 3 1 4 3 3 5 2 2 3 5 1 5 5 5 5 5 5 4 4 4 2 2
3 4 2 3 1 5 3 4 2 0 4 1 4 5 4 5 1 3 4 2 5 3 3 4 4 2 1 4 3 3 1 3 2 3 2 4 1 4 3 4 4 1 1 5 4 5 2 2 2 4 4 1 3 3 3 3 1 4 1 5 3 1 4 1 4 4 4 2 1 5 4 4 2 4 5 2 2 1 2 3 5 1 4 5 5 1 2 4 4 5 3 4 3 4 5 3 5 1 2 3 2 1 3 5 2 3 2 4 5 4 5 4 3 3 3 2 1 2 3 4 4 1 3 3 5 5 2 1 1 3 2 2 2 3 3 2 5 4 4 4 5 5 2 3 2 2 1 4 3 2 2 3 3 4 5 1 2 4 2 5 3 3 1 4 4 2 4 3 1 3 1 4 2 2 5 1 2 2 5 2 3 4 1 3 4 4 3 5 3 4 2 5 4 2 5 1 5 2 5 5
4 1 5 2 2 4 3 2 5 4 0 1 4 3 4 1 1 2 2 5 1 4 1 4 5 5 5 1 1 4 1 3 2 3 1 5 4 3 1 4 4 2 5 4 5 5 5 3 3 4 3 2 5 4 5 1 1 5 5 1 2 1 1 4 5 5 5 1 5 4 2 2 1 2 2 5 5 5 2 2 1 1 4 5 2 1 2 2 4 2 1 1 5 2 2 2 1 5 3 3 5 2 4 2 2 4 3 5 3 4 5 4 4 2 1 3 4 4 4 2 5 3 4 2 2 1 5 4 5 1 4 3 2 4 3 5 5 5 5 5 4 2 3 4 1 3 1 3 5 5 4 3 3 3 3 3 1 3 4 5 2 3 4 5 2 1 2 1 1 4 4 3 4 4 5 2 4 2 3 1 3 3 2 2 3 4 5 4 2 5 2 3 2 1 3 2 1 2 3 3
4 1 4 1 4 2 5 3 4 1 1 0 5 1 3 3 5 4 4 3 1 1 4 1 2 5 2 3 3 3 4 5 3 4 1 4 4 1 1 3 2 2 5 4 3 1 3 4 1 1 1 3 3 4 5 2 3 4 4 1 3 5 4 4 2 2 2 5 3 3 2 3 3 4 1 4 3 5 1 3 2 1 1 5 3 2 4 2 4 3 5 5 3 4 2 3 4 4 4 4 4 1 1 2 3 3 2 4 4 2 1 5 2 3 4 4 4 5 2 4 5 5 1 2 5 1 1 4 2 2 4 3 1 5 5 5 4 5 5 2 5 5 4 5 3 5 5 4 2 1 3 3 1 5 1 5 2 4 3 3 4 4 3 5 5 2 4 3 3 3 4 4 1 1 4 5 4 3 2 1 2 1 1 4 4 2 3 4 2 1 5 3 4 2 2 1 5 5 3 1
3 5 1 2 5 1 4 4 4 4 4 5 0 2 2 2 3 3 4 3 3 5 3 2 2 4 2 2 2 3 4 2 1 5 5 2 5 5 4 5 2 5 5 3 5 5 5 2 2 5 3 3 2 3 2 4 4 5 1 2 5 5 3 1 4 5 1 1 4 5 5 3 1 3 5 5 4 1 2 5 1 5 3 2 4 5 2 2 4 5 3 5 2 5 4 4 2 5 4 3 5 2 2 5 5 4 1 4 4 5 3 3 2 2 4 4 1 4 3 4 5 3 4 3 1 1 1 3 1 2 4 2 4 3 1 4 5 3 5 1 1 5 1 3 3 5 1 2 4 3 1 2 3 5 3 3 3 1 5 1 3 1 4 5 4 2 5 4 1 4 3 1 1 2 1 3 2 2 1 5 5 1 4 4 1 5 3 4 1 5 2 1 5 5 2 4 5 3 2 3
3 5 4 3 4 1 4 1 3 5 3 1 2 0 4 5 2 5 4 5 4 3 4 4 3 2 4 1 3 2 3 1 2 4 3 3 4 4 4 1 4 4 3 3 3 2 2 5 3 5 3 1 5 2 3 1 1 4 1 5 5 2 5 2 5 4 2 2 1 2 4 1 5 3 5 2 1 3 3 2 2 3 5 5 5 2 4 3 3 5 4 2 3 5 4 1 5 2 4 5 5 3 2 3 1 3 2 3 5 3 2 3 1 4 1 2 4 3 1 4 5 2 4 5 1 3 4 3 4 3 4 5 1 3 1 5 1 3 1 5 3 1 5 5 4 1 2 1 5 5 5 2 5 5 4 5 3 2 4 3 1 3 4 4 3 3 5 1 2 5 4 2 5 2 4 5 3 4 2 3 5 3 2 5 4 2 5 4 3 4 3 1 3 1 4 1 3 1 3 3
2 5 3 1 5 3 3 1 1 4 4 3 2 4 0 5 1 2 2 3 1 2 1 3 4 3 1 1 2 1 5 3 2 5 3 4 4 5 1 1 1 4 5 3 3 2 3 3 1 3 3 4 5 5 5 3 5 2 4 1 2 1 2 1 3 4 2 3 2 2 4 3 3 2 2 3 2 3 4 2 3 4 4 2 5 1 3 2 1 1 5 2 1 3 4 3 2 5 5 2 4 1 3 2 5 1 4 1 1 1 3 1 1 1 2 1 5 2 1 4 4 4 5 4 1 1 1 5 2 1 2 3 4 3 5 1 2 3 5 4 2 4 5 2 2 4 1 1 5 2 4 2 3 3 5 1 3 2 1 4 2 1 3 3 2 1 4 2 3 2 3 2 1 4 1 4 3 2 2 1 3 1 5 4 4 1 1 2 5 5 2 1 5 5 2 3 4 2 2 5
4 1 2 5 4 1 3 2 1 5 1 3 2 5 5 0 5 5 1 5 1 1 5 5 1 3 5 4 4 2 3 4 4 4 5 2 5 3 2 2 4 4 4 5 3 2 3 4 2 4 1 4 2 5 1 5 3 1 4 3 3 2 2 1 2 4 2 1 3 1 3 1 4 5 5 3 2 1 2 1 3 2 1 5 1 4 1 4 2 2 5 4 4 2 2 5 3 2 2 5 5 5 1 2 3 5 5 5 3 4 2 4 5 5 2 4 2 3 3 2 5 1 2 5 5 4 5 4 4 2 1 2 5 1 4 4 4 1 1 1 1 4 4 1 3 3 2 4 3 3 5 1 1 1 4 3 5 4 1 5 1 5 5 5 2 2 5 4 1 3 2 2 3 5 1 5 1 2 3 1 2 3 4 3 5 1 5 4 5 4 5 3 2 3 4 5 1 2 1 2
5 2 4 5 2 5 4 1 4 1 1 5 3 2 1 5 0 1 1 3 3 5 2 1 3 4 3 2 3 5 5 5 1 1 1 4 5 3 4 1 3 5 3 2 4 5 4 5 2 2 2 4 1 4 1 4 5 5 3 2 2 4 2 3 5 2 5 5 1 3 1 1 5 3 1 2 4 4 2 1 4 3 1 3 5 2 4 2 1 5 1 3 5 4 2 2 1 4 2 4 4 3 5 2 5 5 2 1 2 5 4 4 1 4 2 2 5 1 3 3 5 1 3 1 3 4 3 2 4 1 3 5 5 5 1 4 2 2 2 3 2 4 2 4 4 4 2 1 5 5 1 1 4 2 2 5 2 1 1 4 1 5 2 3 2 1 3 1 2 5 4 3 5 5 5 3 2 1 2 4 5 2 4 3 1 5 4 4 5 4 2 4 3 1 4 2 5 1 5 2
5 3 5 1 3 2 4 5 1 3 2 4 3 5 2 5 1 0 4 4 5 5 2 2 3 3 1 4 1 3 5 2 1 2 4 4 5 3 5 2 5 3 3 5 1 3 3 3 4 4 2 2 3 1 5 2 1 3 3 4 1 3 1 1 1 1 1 4 5 3 1 3 5 5 1 3 2 3 4 5 5 5 3 3 3 4 2 4 4 4 3 2 2 5 5 3 3 1 1 3 2 3 4 3 1 2 1 4 3 2 3 2 2 1 3 1 5 5 4 5 5 5 1 3 3 3 4 1 2 5 3 3 1 2 5 1 1 5 5 4 2 1 3 4 4 5 5 3 4 2 4 3 1 5 3 3 3 5 2 4 3 5 5 4 4 1 2 5 1 4 3 5 5 2 2 5 5 4 3 5 5 4 5 3 1 1 3 3 1 3 5 4 3 5 2 3 2 5 1 3
3 1 5 4 4 3 1 2 5 4 2 4 4 4 2 1 1 4 0 4 4 5 5 2 4 4 1 3 2 4 3 4 1 4 4 5 5 5 5 2 1 2 2 1 5 3 2 5 1 3 5 3 4 1 4 5 2 1 5 5 2 5 1 3 4 1 3 3 4 5 5 1 5 5 4 3 3 1 2 1 2 3 4 1 5 5 5 2 5 5 5 1 1 5 5 4 2 1 1 2 3 1 4 1 3 5 1 4 1 5 1 5 1 5 5 4 2 5 5 1 3 3 1 3 4 1 3 5 3 3 5 4 3 5 5 1 4 5 4 5 5 5 1 4 3 5 5 5 5 2 5 5 4 5 5 2 4 5 3 1 4 4 4 2 1 1 3 1 1 1 4 5 2 4 1 1 2 5 2 4 4 2 3 1 1 2 3 5 2 5 5 1 3 3 3 5 4 4 4 2
3 5 1 4 4 5 2 4 5 2 5 3 3 5 3 5 3 4 4 0 4 2 5 4 4 1 2 3 4 3 4 3 1 5 5 4 5 5 3 2 4 5 5 4 3 5 3 5 4 5 1 4 2 1 2 4 3 5 3 1 2 3 3 2 4 4 4 3 5 5 4 5 5 4 3 4 2 5 3 1 3 5 5 1 3 1 1 2 2 5 2 2 3 1 2 1 5 4 4 1 4 2 5 2 1 5 5 5 2 2 3 5 3 5 4 3 1 4 3 3 1 2 1 1 1 4 1 3 5 3 4 4 4 2 1 5 5 4 2 2 4 5 2 3 1 4 2 4 1 1 2 1 3 2 2 4 2 5 1 3 3 3 2 4 3 1 4 3 1 2 3 4 5 5 1 1 3 2 5 2 1 1 3 3 5 4 5 3 2 4 5 1 1 3 1 5 3 2 5 1
1 3 1 4 3 5 3 3 3 5 1 1 3 4 1 1 3 5 4 4 0 5 2 1 2 4 4 2 2 4 4 2 4 1 4 3 5 3 5 3 2 5 3 1 4 5 2 1 5 1 3 3 3 3 2 2 4 3 4 2 1 2 1 3 3 1 2 2 2 5 5 3 2 5 5 2 5 2 5 3 4 5 5 4 2 5 5 5 1 2 5 4 5 2 3 1 3 1 4 5 1 4 3 1 3 4 2 4 5 4 3 5 2 1 4 4 5 4 2 1 5 2 1 1 3 4 1 3 2 1 1 3 4 2 4 4 5 1 2 5 3 1 3 5 3 5 3 1 2 3 5 4 5 5 5 5 2 2 1 2 5 1 4 1 2 4 1 5 3 4 3 4 2 2 3 1 3 1 2 2 5 1 3 3 2 5 3 5 4 1 4 3 5 5 2 5 4 2 3 5
1 5 1 2 4 5 4 1 1 3 4 1 5 3 2 1 5 5 5 2 5 0 3 3 3 2 4 2 3 5 5 2 4 3 3 1 1 2 3 4 4 1 2 2 4 3 3 2 1 1 5 1 3 2 5 3 4 2 1 2 2 3 2 4 5 2 3 3 2 1 3 5 2 1 5 5 5 4 5 2 3 3 1 3 4 2 2 3 5 1 5 5 1 2 3 5 2 4 3 1 1 1 4 4 2 3 1 4 4 3 2 2 4 3 5 3 4 5 1 3 1 5 5 2 4 4 5 4 1 4 2 5 4 3 2 5 2 2 2 4 4 1 4 2 3 5 2 5 4 2 5 5 5 1 5 2 5 5 2 1 3 5 3 4 3 1 3 4 5 3 3 3 3 3 3 5 2 5 2 3 4 3 4 2 1 4 4 5 4 3 2 1 1 1 5 5 3 2 5 4
5 1 2 5 2 4 4 5 1 3 1 4 3 4 1 5 2 2 5 5 2 3 0 2 3 1 4 5 2 2 4 4 2 1 5 2 5 4 4 2 5 5 5 3 5 3 3 3 2 4 4 4 3 1 2 2 1 4 5 1 1 1 5 4 5 2 1 4 2 3 3 3 5 2 2 1 1 1 4 4 1 3 3 2 1 5 4 3 3 5 3 4 3 2 5 3 2 3 2 1 1 5 1 3 5 2 4 4 3 1 3 5 5 3 1 3 4 3 5 2 4 3 1 3 1 2 1 4 4 2 1 4 5 2 5 5 1 3 4 5 3 3 4 3 2 4 2 5 2 1 3 2 4 3 2 2 3 5 4 2 2 4 5 1 3 2 5 2 2 5 4 4 4 4 2 5 5 3 1 5 1 2 2 4 3 3 1 2 1 5 2 4 3 3 2 2 1 4 2 1
2 5 1 5 1 3 2 5 5 4 4 1 2 4 3 5 1 2 2 4 1 3 2 0 1 1 2 1 4 4 2 3 5 4 2 5 3 3 4 4 4 3 2 3 5 1 5 2 5 1 3 1 3 4 3 1 3 3 3 1 3 2 3 1 1 5 2 1 2 3 2 4 1 2 3 4 2 4 3 5 5 5 2 5 5 2 2 5 5 2 1 3 1 2 1 5 5 1 5 3 1 4 3 3 4 4 3 2 5 2 5 3 4 4 3 3 4 5 4 4 2 5 4 5 1 5 1 2 3 2 3 5 1 2 3 4 3 1 5 2 4 4 3 5 4 5 5 2 5 4 4 2 2 2 3 5 3 4 2 5 2 1 3 1 4 3 5 3 3 3 1 3 1 1 4 1 4 1 2 1 3 5 1 4 3 4 1 3 5 3 4 3 3 3 1 2 2 2 5 1
2 5 1 3 2 2 1 3 2 4 5 2 2 3 4 1 3 3 4 4 2 3 3 1 0 1 2 3 4 3 1 2 4 4 4 1 4 5 3 5 5 4 2 3 2 3 2 1 2 4 2 4 3 5 4 5 2 3 3 4 1 2 3 2 3 4 2 4 3 1 2 1 4 4 1 1 3 3 5 2 4 2 4 4 2 3 5 5 3 3 4 4 1 1 1 4 5 4 4 1 5 2 3 4 2 1 2 4 3 4 2 3 4 4 4 3 1 5 2 5 5 5 5 3 2 2 1 1 1 1 4 5 5 1 3 3 4 2 5 2 3 3 4 3 4 1 4 5 3 3 2 3 5 2 4 5 3 4 3 4 5 4 2 3 3 1 2 2 5 1 1 2 2 5 5 1 3 2 3 1 5 4 5 4 3 4 1 1 3 1 4 4 5 5 2 1 4 4 5 2
5 2 2 5 4 2 2 4 1 2 5 5 4 2 3 3 4 3 4 1 4 2 1 1 1 0 1 3 3 1 2 5 4 1 4 3 1 1 4 1 5 2 3 5 5 5 1 4 1 4 4 2 4 3 1 5 5 2 2 4 1 1 5 2 2 1 4 5 5 5 1 3 3 5 5 3 5 2 3 4 4 1 5 4 1 5 2 4 3 4 1 4 1 1 3 4 3 2 3 2 4 3 1 2 4 4 1 3 3 3 2 2 1 5 5 3 5 5 4 1 3 2 3 3 5 1 4 4 3 3 1 3 5 1 4 2 2 4 4 3 5 4 1 4 3 4 3 2 1 4 3 4 5 3 4 3 2 4 1 1 5 1 3 5 4 4 4 2 5 4 1 5 3 1 5 4 2 4 5 1 5 1 4 5 4 2 2 3 4 1 1 4 4 2 2 4 1 3 2 3
2 3 2 4 1 3 1 3 3 1 5 2 2 4 1 5 3 1 1 2 4 4 4 2 2 1 0 2 5 1 5 5 2 4 5 1 4 2 1 1 5 1 5 3 3 5 4 1 2 4 3 2 2 5 4 3 3 3 4 1 4 3 5 3 3 1 4 1 2 1 3 3 4 4 2 4 5 2 5 4 4 1 1 1 2 5 4 3 1 3 4 5 5 4 2 4 3 3 5 1 1 5 2 4 1 5 5 1 1 1 5 2 4 2 3 3 1 2 4 3 1 1 5 2 2 1 1 1 4 3 5 3 5 5 1 3 4 4 2 5 1 2 4 5 3 5 5 1 4 5 2 2 2 3 3 5 2 4 4 5 1 1 5 2 5 4 4 2 2 1 3 3 5 4 1 2 2 2 1 4 3 4 3 5 1 5 1 1 3 2 5 5 1 5 4 2 1 3 2 3
5 2 1 3 1 4 2 1 2 4 1 3 2 1 1 4 2 4 3 3 2 2 5 1 3 3 2 0 2 2 1 1 1 1 3 2 3 5 5 1 3 2 5 5 2 5 5 3 3 5 5 3 3 1 2 1 1 3 4 4 5 4 3 3 3 1 1 2 2 1 2 5 3 4 2 4 4 2 5 5 3 4 2 5 1 4 5 3 3 1 4 4 3 4 3 1 2 1 4 1 3 2 3 1 1 2 4 2 4 3 1 1 3 5 3 5 3 2 5 5 2 3 4 5 5 3 3 2 4 1 5 4 3 3 2 4 5 5 2 2 1 5 5 4 1 5 3 2 3 4 2 4 2 3 2 5 4 1 1 2 5 3 1 2 5 2 1 3 3 2 2 3 1 5 4 4 5 1 4 1 3 1 3 2 1 2 2 3 3 1 5 5 4 5 5 2 5 2 2 2
4 3 5 5 3 5 1 5 4 3 1 3 2 3 2 4 3 1 2 4 2 3 2 4 4 3 5 2 0 4 3 5 2 5 5 5 3 3 2 4 1 3 2 2 5 2 2 5 4 5 2 1 4 3 5 2 2 1 2 4 5 3 1 4 4 5 2 1 5 5 2 5 3 1 2 4 3 2 2 2 2 5 2 3 3 5 2 4 3 3 3 2 1 2 1 1 5 2 4 2 1 2 4 4 2 2 4 2 1 3 4 1 3 1 5 2 3 2 5 1 4 5 3 2 2 5 2 2 1 5 4 1 5 2 5 3 5 2 2 2 3 1 1 4 1 3 1 1 5 2 2 5 1 4 5 3 5 5 1 4 5 5 3 5 4 5 3 1 2 5 1 1 5 4 5 3 5 1 4 5 5 2 3 1 2 5 3 1 2 2 3 5 2 1 2 5 4 2 5 5
2 3 4 3 3 4 4 3 3 3 4 3 3 2 1 2 5 3 4 3 4 5 2 4 3 1 1 2 4 0 3 3 1 5 4 1 5 3 5 2 1 2 2 3 1 3 4 1 5 3 2 1 1 1 2 5 5 3 3 5 2 5 4 2 1 5 3 3 3 4 5 5 2 2 3 4 1 3 3 4 3 1 2 3 3 2 4 4 2 3 1 5 5 1 4 4 4 5 4 3 3 3 3 4 2 3 1 5 1 4 5 5 3 3 4 2 3 1 2 3 3 2 1 2 2 3 5 3 3 5 3 3 4 2 3 2 3 3 4 1 5 4 3 5 1 5 2 5 4 1 4 5 4 4 4 4 1 3 2 3 2 2 3 2 3 5 1 2 5 5 3 5 5 4 5 2 1 2 2 1 4 4 4 3 4 5 5 4 3 5 3 2 3 2 3 1 3 4 2 2
2 2 1 3 2 5 2 2 1 1 1 4 4 3 5 3 5 5 3 4 4 5 4 2 1 2 5 1 3 3 0 1 2 5 3 5 2 3 3 2 4 5 4 5 3 1 5 1 1 4 5 4 2 2 3 1 4 1 5 5 3 5 1 4 4 4 5 1 2 4 1 2 3 5 3 2 5 3 4 4 2 3 4 5 5 4 2 2 2 4 2 4 1 4 5 3 3 1 2 4 2 5 2 5 5 4 3 5 2 4 3 2 1 3 1 1 1 2 2 1 4 5 4 2 4 5 5 3 5 5 4 2 2 5 4 1 5 2 2 5 2 5 2 2 3 5 4 5 2 4 4 3 2 1 4 4 5 5 1 2 1 3 2 5 1 3 4 2 4 2 4 1 3 2 3 4 5 5 1 4 4 4 4 5 4 3 3 4 1 1 5 4 2 2 2 4 3 2 1 1
3 5 5 1 2 5 2 3 4 3 3 5 2 1 3 4 5 2 4 3 2 2 4 3 2 5 5 1 5 3 1 0 2 4 3 5 4 3 2 2 4 4 5 1 2 1 4 2 3 4 3 4 2 1 1 5 5 5 1 3 2 2 5 2 1 4 4 1 4 3 1 1 4 5 2 1 1 3 1 5 4 3 1 2 3 3 2 5 1 3 3 4 1 1 4 5 3 3 2 3 2 1 2 5 3 4 2 2 3 1 3 4 1 1 4 1 5 1 2 5 3 3 2 3 1 1 4 3 5 1 5 4 4 1 2 2 5 4 5 4 5 4 3 5 3 2 2 2 2 4 4 5 4 4 2 4 4 1 1 2 5 5 3 3 1 2 5 2 2 3 5 1 1 4 4 2 3 5 2 4 4 3 2 3 4 2 2 3 5 2 5 5 4 1 3 4 4 4 3 5
5 4 4 2 5 5 5 5 5 2 2 3 1 2 2 4 1 1 1 1 4 4 2 5 4 4 2 1 2 1 2 2 0 2 3 3 5 5 5 5 2 1 5 4 2 4 5 2 4 1 3 2 1 2 2 1 4 1 5 1 4 4 2 4 4 1 5 5 4 3 5 3 4 5 3 1 3 1 5 4 3 5 4 4 1 3 1 3 2 5 2 4 2 5 3 5 1 4 2 1 4 4 5 1 5 1 4 1 4 2 1 2 5 1 1 3 1 5 3 4 5 5 1 1 5 5 3 3 1 5 5 1 2 2 5 2 1 3 4 4 2 5 3 1 5 2 2 3 3 5 3 2 5 4 3 4 2 1 2 4 2 3 3 4 3 3 3 3 5 3 5 1 3 3 4 2 4 3 5 1 1 2 2 2 5 4 4 1 4 1 1 4 3 3 3 3 5 5 2 2
3 2 5 2 4 2 3 3 1 3 3 4 5 4 5 4 1 2 4 5 1 3 1 4 4 1 4 1 5 5 5 4 2 0 4 2 4 3 2 1 1 3 1 5 3 2 5 1 5 3 1 1 5 3 5 3 4 1 3 1 4 5 5 1 1 4 5 3 1 5 1 3 3 2 2 2 2 1 4 4 3 2 2 3 3 1 5 1 2 1 4 1 1 4 5 1 5 2 4 4 3 4 3 5 4 2 2 2 1 3 3 4 1 5 1 1 4 1 5 4 3 5 2 2 5 3 4 1 2 5 3 3 4 4 4 3 1 5 3 1 1 3 5 1 4 2 4 2 1 1 3 1 2 1 5 3 5 3 2 2 5 2 4 2 3 2 4 4 4 2 5 1 1 2 2 2 4 1 3 3 1 2 1 2 1 5 3 4 1 3 4 3 1 4 3 3 2 1 4 2
4 5 3 2 3 3 3 1 3 2 1 1 5 3 3 5 1 4 4 5 4 3 5 2 4 4 5 3 5 4 3 3 3 4 0 3 2 2 4 3 2 4 2 2 4 2 5 1 5 3 4 2 5 1 4 4 3 1 1 5 3 4 3 4 2 4 2 5 1 1 4 2 5 2 5 5 2 3 5 3 1 3 3 3 1 2 4 1 2 1 1 1 3 1 3 1 3 4 2 4 3 5 2 4 5 1 4 5 5 2 5 3 5 4 4 4 4 1 3 1 3 1 1 2 1 3 2 2 3 4 1 3 5 2 4 5 2 1 3 2 4 2 5 4 4 1 4 2 2 2 1 5 4 1 3 1 5 2 5 2 5 1 4 2 4 2 3 5 2 4 1 4 2 1 3 4 1 1 5 1 5 4 4 2 2 4 2 3 2 4 3 1 5 5 2 1 1 5 1 1
4 1 5 3 2 3 2 3 2 4 5 4 2 3 4 2 4 4 5 4 3 1 2 5 1 3 1 2 5 1 5 5 3 2 3 0 1 2 5 4 3 3 2 3 5 2 1 4 4 5 3 2 3 1 1 3 5 3 3 3 3 5 3 1 3 4 5 2 3 5 2 1 2 5 2 4 1 2 2 2 3 3 1 5 1 5 5 3 1 4 3 3 1 4 3 1 2 3 5 2 1 4 5 2 5 5 2 4 3 2 2 5 3 3 4 2 3 1 4 5 4 5 2 5 2 3 5 1 4 3 2 1 3 4 5 5 1 4 3 3 5 1 4 4 5 2 1 3 5 2 2 3 2 1 3 1 1 5 2 5 2 2 2 1 1 2 1 5 1 1 3 1 2 3 3 2 2 5 3 2 5 2 2 2 5 4 4 1 2 3 5 1 2 3 2 4 1 2 5 3
1 3 2 5 2 3 5 5 4 1 4 4 5 4 4 5 5 5 5 5 5 1 5 3 4 1 4 3 3 5 2 4 5 4 2 1 0 5 3 4 4 1 4 2 1 3 3 2 1 5 3 3 4 3 3 2 3 2 5 3 5 3 3 3 4 1 5 2 3 5 2 3 5 1 1 1 2 5 5 1 2 2 5 1 1 3 5 4 5 3 4 2 2 5 1 2 2 1 2 5 2 2 4 5 1 1 5 5 3 4 1 1 5 1 4 1 1 1 3 2 1 2 1 5 1 2 3 4 1 5 5 3 5 3 1 3 2 2 2 5 2 5 1 1 5 3 5 2 5 1 1 3 3 2 4 5 5 3 4 1 2 4 4 1 5 3 1 2 3 1 5 5 4 1 5 5 2 2 5 3 2 1 2 2 5 4 5 2 4 3 5 5 5 4 3 3 1 3 2 3
2 1 3 5 5 3 1 3 3 4 3 1 5 4 5 3 3 3 5 5 3 2 4 3 5 1 2 5 3 3 3 3 5 3 2 2 5 0 3 5 4 4 5 1 3 1 5 2 4 5 1 5 1 3 3 5 1 2 5 1 1 5 3 4 5 3 2 1 5 1 4 5 4 1 2 4 4 5 4 5 4 1 2 4 2 5 3 5 5 5 5 5 3 4 3 5 2 5 1 1 1 3 4 5 5 2 3 4 1 3 2 5 2 3 3 1 1 5 4 4 4 3 2 5 4 1 3 5 3 3 3 2 4 5 4 4 2 4 5 3 1 4 1 3 5 5 4 2 3 1 2 2 2 4 2 1 3 1 4 2 5 5 4 2 3 1 5 1 4 4 3 1 1 5 3 2 5 5 4 3 3 2 3 2 2 5 4 3 5 5 1 4 3 5 1 2 1 5 4 3
5 2 2 1 2 5 3 3 4 3 1 1 4 4 1 2 4 5 5 3 5 3 4 4 3 4 1 5 2 5 3 2 5 2 4 5 3 3 0 3 1 5 4 5 4 5 1 5 2 5 4 1 1 1 5 5 3 5 4 5 5 3 1 3 4 2 5 3 5 3 1 2 2 5 5 3 1 5 5 4 3 5 3 5 4 1 3 1 4 5 3 3 5 2 4 1 2 2 3 1 1 5 1 3 4 1 4 3 3 1 3 3 5 2 2 3 5 4 1 2 4 4 2 5 1 2 2 4 5 3 1 5 3 1 3 2 3 2 2 3 1 2 3 5 3 4 1 5 2 4 4 4 3 5 5 3 5 3 1 2 2 1 3 1 5 5 4 2 4 1 3 1 5 1 3 1 3 3 5 4 4 2 2 2 4 1 5 4 4 3 3 4 1 1 1 3 5 2 1 3
5 4 2 5 3 1 2 3 5 4 4 3 5 1 1 2 1 2 2 2 3 4 2 4 5 1 1 1 4 2 2 2 5 1 3 4 4 5 3 0 1 3 1 5 2 2 5 2 3 4 2 3 1 2 3 3 2 1 1 3 5 3 4 4 5 4 2 5 4 1 4 3 2 5 5 3 1 5 5 3 1 5 2 3 1 2 2 3 2 2 4 5 5 3 3 2 1 3 2 5 3 2 3 3 2 3 2 4 2 2 2 3 3 4 1 1 2 4 1 2 4 2 5 4 5 2 5 5 3 1 3 1 5 1 4 4 2 2 4 2 5 3 1 3 2 2 1 5 4 5 3 5 3 4 1 5 3 2 4 2 4 3 3 4 2 2 4 3 3 1 1 4 1 5 2 4 1 5 1 5 5 1 3 4 2 5 5 2 4 3 1 1 4 4 4 3 5 2 4 2
2 1 5 4 4 1 3 2 5 4 4 2 2 4 1 4 3 5 1 4 2 4 5 4 5 5 5 3 1 1 4 4 2 1 2 3 4 4 1 1 0 3 1 5 1 1 5 5 2 2 1 1 4 2 1 1 3 2 3 1 5 3 5 3 2 1 5 3 3 1 4 1 5 2 1 2 1 3 4 4 4 2 3 4 5 2 4 1 1 1 3 2 5 5 2 2 4 4 3 2 5 4 3 5 2 2 4 1 1 5 1 3 5 2 1 1 1 2 2 3 5 1 1 2 1 1 2 2 2 2 4 3 4 2 4 3 1 2 2 2 1 3 4 2 3 1 3 1 1 5 4 1 5 1 2 2 1 4 1 2 2 5 5 1 1 4 5 1 1 1 3 2 2 2 2 2 4 4 1 3 1 3 4 5 2 4 3 4 1 3 2 3 2 5 2 1 5 4 4 2
5 2 2 2 3 3 1 3 3 1 2 2 5 4 4 4 5 3 2 5 5 1 5 3 4 2 1 2 3 2 5 4 1 3 4 3 1 4 5 3 3 0 5 4 4 3 5 5 3 2 1 1 5 1 2 4 1 3 3 2 5 2 1 5 4 4 1 1 4 2 4 1 5 5 5 1 2 5 4 5 1 5 5 1 5 5 4 2 3 3 2 2 4 2 1 1 5 2 2 3 2 5 1 4 2 4 5 5 5 3 5 4 2 3 3 1 4 5 2 2 2 4 2 2 2 1 4 2 3 5 3 3 5 4 3 2 2 5 4 3 5 2 3 2 3 2 4 5 2 2 3 3 1 4 5 3 5 3 2 2 1 4 3 4 2 4 1 1 5 3 5 4 2 4 5 5 5 5 1 2 3 4 1 2 1 4 3 4 5 3 2 4 3 4 5 5 2 5 5 1
5 5 5 4 1 1 5 4 5 1 5 5 5 3 5 4 3 3 2 5 3 2 5 2 2 3 5 5 2 2 4 5 5 1 2 2 4 5 4 1 1 5 0 2 1 4 2 2 2 3 2 4 3 2 1 5 1 3 5 3 3 4 5 5 2 3 2 2 1 2 3 2 3 3 4 2 3 1 1 5 4 3 5 2 1 4 3 4 3 4 5 2 4 1 1 4 4 1 4 1 4 5 1 1 1 3 2 2 1 4 4 3 1 3 4 2 2 4 4 4 2 1 3 2 4 4 4 4 2 4 1 2 2 2 3 2 3 2 5 4 3 4 2 3 4 4 5 2 3 3 1 4 5 5 3 1 5 1 5 1 1 5 4 4 2 2 1 1 5 4 5 5 5 5 4 3 5 3 3 2 5 5 1 1 4 5 2 1 3 1 5 3 5 3 2 3 2 4 3 3
5 2 2 5 4 3 1 3 2 5 4 4 3 3 3 5 2 5 1 4 1 2 3 3 3 5 3 5 2 3 5 1 4 5 2 3 2 1 5 5 5 4 2 0 4 2 2 1 4 5 4 1 3 5 3 2 4 2 4 3 4 3 5 5 3 1 3 4 1 1 3 4 1 3 3 5 1 2 4 4 4 3 4 4 4 3 2 4 1 3 5 3 1 1 1 1 2 3 5 1 1 4 5 3 2 4 5 3 3 4 1 5 1 5 2 3 1 3 2 2 4 4 4 3 2 4 3 4 3 4 3 4 4 4 5 1 4 3 1 1 2 4 5 1 3 5 3 2 1 5 2 5 2 4 2 2 4 4 5 5 1 5 5 4 4 2 5 4 4 4 4 2 2 5 4 4 5 5 3 5 1 3 2 5 1 2 2 4 1 3 5 2 2 3 5 2 3 5 1 2
4 2 2 1 5 5 4 3 3 4 5 3 5 3 3 3 4 1 5 3 4 4 5 5 2 5 3 2 5 1 3 2 2 3 4 5 1 3 4 2 1 4 1 4 0 1 3 4 2 4 2 5 4 1 2 2 1 3 4 5 4 5 1 4 3 3 4 4 1 3 2 4 3 4 3 4 3 1 4 5 1 3 4 5 1 1 3 1 1 1 1 4 1 1 5 1 4 3 3 4 2 2 4 4 2 1 5 2 3 5 1 5 2 5 5 3 2 1 4 5 1 2 3 1 1 4 3 2 1 2 5 5 4 1 1 5 2 4 5 2 1 1 3 2 2 4 3 2 3 1 3 3 4 5 3 3 1 1 1 5 2 4 4 2 1 1 3 2 5 1 2 5 4 4 2 3 3 4 5 2 2 1 5 4 4 5 2 3 5 4 1 4 1 3 5 2 2 2 1 1
1 3 2 1 4 2 5 4 1 5 5 1 5 2 2 2 5 3 3 5 5 3 3 1 3 5 5 5 2 3 1 1 4 2 2 2 3 1 5 2 1 3 4 2 1 0 2 1 4 2 1 5 4 2 3 5 2 3 3 5 1 3 2 2 5 4 5 2 2 1 4 4 2 5 4 4 4 5 1 5 1 1 2 4 5 5 1 4 4 1 3 3 3 4 3 4 1 4 5 4 4 1 5 1 4 5 3 2 5 1 3 2 1 2 3 3 3 2 3 5 5 4 4 3 4 2 1 1 2 4 1 5 5 2 3 1 1 2 5 4 2 2 1 3 3 2 3 1 1 1 5 4 3 2 4 2 5 5 1 3 5 3 5 5 4 3 1 5 3 1 5 2 5 1 5 2 4 1 5 4 5 2 1 2 4 3 5 4 3 4 2 4 2 3 4 3 3 2 5 3
3 1 5 4 5 1 5 5 3 2 5 3 5 2 3 3 4 3 2 3 2 3 3 5 2 1 4 5 2 4 5 4 5 5 5 1 3 5 1 5 5 5 2 2 3 2 0 1 3 5 1 4 2 1 5 3 4 5 5 5 2 1 5 2 2 5 1 3 2 3 1 4 3 2 3 5 1 4 1 3 2 3 3 3 5 1 2 2 4 3 2 1 2 3 3 1 5 1 3 3 2 2 4 3 4 5 2 4 2 3 5 3 2 3 4 1 4 3 4 2 2 2 1 2 4 4 5 4 1 2 3 3 1 2 4 4 4 2 3 5 2 5 3 2 5 2 2 4 2 5 1 1 3 3 4 5 4 1 5 4 1 1 3 1 1 5 3 2 1 1 4 3 4 5 4 5 4 5 1 1 5 1 3 3 4 1 3 1 4 4 5 5 1 5 4 5 2 1 2 2
2 5 2 1 5 5 3 1 5 2 3 4 2 5 3 4 5 3 5 5 1 2 3 2 1 4 1 3 5 1 1 2 2 1 1 4 2 2 5 2 5 5 2 1 4 1 1 0 2 3 1 1 5 2 4 1 4 2 1 2 4 1 4 5 1 4 5 3 1 4 1 5 1 1 5 1 5 4 3 2 2 5 5 3 1 4 1 2 5 4 2 1 2 2 5 3 1 3 1 2 1 2 3 2 3 5 3 2 5 3 1 4 3 5 1 5 3 3 3 5 1 5 4 3 5 3 1 1 4 2 2 1 3 5 4 4 4 2 1 1 5 3 4 2 3 3 5 4 3 2 1 2 5 4 2 5 5 1 2 5 4 2 1 4 4 1 3 2 2 1 4 3 1 1 1 4 1 2 1 5 4 3 2 5 4 2 1 3 2 5 3 4 2 1 1 1 5 4 3 3
2 2 1 5 4 1 2 5 2 2 3 1 2 3 1 2 2 4 1 4 5 1 2 5 2 1 2 3 4 5 1 3 4 5 5 4 1 4 2 3 2 3 2 4 2 4 3 2 0 1 2 1 1 5 3 2 4 3 5 5 2 2 4 3 4 2 3 5 1 1 3 2 4 2 2 1 4 4 2 3 3 2 2 1 1 4 1 3 2 2 1 1 2 3 1 4 3 2 2 5 5 3 3 5 2 1 3 4 3 1 1 3 1 1 2 4 3 4 2 5 1 1 1 2 1 1 3 5 5 1 2 1 2 3 1 2 3 5 1 3 3 5 2 1 4 2 3 2 5 1 3 1 4 1 4 2 2 3 2 5 4 1 3 1 2 3 1 2 2 5 2 1 5 4 4 3 3 2 5 3 1 3 2 1 2 4 5 2 4 5 1 5 3 3 2 4 1 1 1 5
2 4 4 4 4 4 5 2 5 4 4 1 5 5 3 4 2 4 3 5 1 1 4 1 4 4 4 5 5 3 4 4 1 3 3 5 5 5 5 4 2 2 3 5 4 2 5 3 1 0 5 4 5 5 2 5 3 1 1 5 5 5 1 5 5 2 1 4 2 3 5 3 3 2 4 3 3 1 5 4 5 4 5 3 1 2 5 3 2 3 1 4 4 4 2 1 4 4 3 4 4 5 2 2 5 1 1 5 4 3 3 1 4 4 5 3 5 2 4 5 4 2 1 2 4 1 2 4 3 4 4 3 2 4 3 4 4 4 4 3 2 4 4 3 5 2 2 2 3 2 2 2 4 4 1 1 1 1 1 3 2 1 4 3 4 3 4 1 4 2 1 5 3 1 1 1 1 2 2 2 2 2 2 3 3 5 1 3 3 3 5 2 2 5 3 1 2 3 4 3
2 1 5 5 5 5 3 5 4 4 3 1 3 3 3 1 2 2 5 1 3 5 4 3 2 4 3 5 2 2 5 3 3 1 4 3 3 1 4 2 1 1 2 4 2 1 1 1 2 5 0 3 2 3 5 2 5 1 1 3 2 2 4 2 2 2 2 1 3 1 1 2 3 3 1 5 5 4 3 1 2 3 5 1 4 3 3 2 1 5 4 2 4 1 5 4 1 5 3 1 4 1 2 2 3 5 2 5 3 3 5 1 3 4 4 1 4 5 1 2 4 4 4 2 2 4 2 3 5 2 3 1 4 5 1 1 1 3 3 5 3 3 5 1 2 3 5 2 3 5 5 5 2 3 3 4 5 5 4 5 5 5 2 4 5 3 4 3 5 5 1 1 4 2 2 1 2 2 3 1 3 3 3 5 1 2 2 4 4 5 5 3 1 3 3 3 3 3 3 1
5 4 4 1 1 1 2 4 4 1 2 3 3 1 4 4 4 2 3 4 3 1 4 1 4 2 2 3 1 1 4 4 2 1 2 2 3 5 1 3 1 1 4 1 5 5 4 1 1 4 3 0 4 2 5 2 1 4 2 1 2 2 2 1 2 5 5 3 4 1 1 3 3 2 3 4 1 3 3 3 3 3 3 3 1 3 4 3 5 5 2 1 1 1 2 3 4 4 3 2 5 5 5 5 1 5 2 4 1 3 3 5 2 2 5 1 4 5 3 3 2 3 1 2 5 4 4 1 5 5 1 3 2 1 5 4 3 5 3 2 2 1 3 1 1 1 4 5 1 2 5 4 5 1 2 3 4 4 2 3 5 1 1 3 3 1 1 5 5 4 5 5 5 2 3 1 2 4 4 2 2 5 4 1 1 1 2 3 1 1 1 5 1 2 5 4 1 3 1 1
2 3 4 3 5 5 5 3 1 3 5 3 2 5 5 2 1 3 4 2 3 3 3 3 3 4 2 3 4 1 2 2 1 5 5 3 4 1 1 1 4 5 3 3 4 4 2 5 1 5 2 4 0 4 4 2 1 3 2 5 4 5 2 4 3 1 1 3 1 3 4 3 3 4 4 5 4 5 4 2 5 4 1 2 2 4 2 5 5 1 5 4 5 1 5 5 5 4 3 2 4 3 1 5 4 3 2 1 2 1 1 1 5 4 1 2 5 4 2 3 2 2 3 1 2 2 2 5 2 1 2 5 4 2 3 3 5 2 4 4 4 2 5 5 3 1 5 5 2 5 1 4 4 5 3 2 1 4 4 2 3 1 4 2 3 3 2 2 1 4 2 3 1 5 3 2 5 4 5 4 3 1 3 5 3 1 4 2 5 4 3 4 5 2 2 2 2 1 3 2
3 3 2 1 2 1 2 5 1 3 4 4 3 2 5 5 4 1 1 1 3 2 1 4 5 3 5 1 3 1 2 1 2 3 1 1 3 3 1 2 2 1 2 5 1 2 1 2 5 5 3 2 4 0 1 3 3 5 3 4 4 4 1 5 2 3 2 5 4 2 5 1 2 1 4 4 1 2 3 4 3 1 1 3 1 5 1 1 2 3 2 3 4 2 2 2 3 3 3 2 2 3 5 1 3 4 5 4 1 1 2 2 1 4 2 4 5 5 5 1 2 1 2 3 1 3 2 4 3 1 1 3 4 5 1 3 3 2 4 4 3 2 5 3 4 4 1 1 5 3 2 2 4 3 1 2 2 5 4 1 2 2 5 4 2 2 4 1 4 5 3 3 3 5 4 1 2 5 1 4 1 1 2 1 5 5 1 2 1 5 5 4 5 5 2 4 3 5 4 2
5 1 2 5 4 1 3 5 5 3 5 5 2 3 5 1 1 5 4 2 2 5 2 3 4 1 4 2 5 2 3 1 2 5 4 1 3 3 5 3 1 2 1 3 2 3 5 4 3 2 5 5 4 1 0 3 1 4 3 1 2 5 4 4 2 3 3 5 3 4 2 5 2 1 3 1 3 3 3 4 3 3 4 3 2 5 5 2 1 5 3 5 1 4 2 3 5 4 1 4 4 3 4 1 1 2 4 3 4 3 1 1 3 4 1 1 1 5 2 1 3 1 2 4 5 2 5 4 2 3 1 2 5 4 5 2 3 1 3 4 4 4 4 3 2 3 5 1 4 1 2 2 5 3 5 1 2 4 5 5 4 2 2 1 5 4 1 5 3 2 4 2 1 5 5 5 4 1 3 1 4 4 2 1 1 1 4 4 5 4 4 2 1 4 2 5 2 4 3 3
1 4 5 2 2 5 4 4 5 3 1 2 4 1 3 5 4 2 5 4 2 3 2 1 5 5 3 1 2 5 1 5 1 3 4 3 2 5 5 3 1 4 5 2 2 5 3 1 2 5 2 2 2 3 3 0 2 4 4 2 3 2 4 1 5 2 5 1 1 1 4 5 3 5 4 5 2 2 4 1 4 5 5 3 2 3 5 4 1 2 2 3 4 5 1 2 3 2 1 4 4 1 4 3 4 2 1 4 5 2 5 5 4 3 1 2 5 3 3 2 4 4 2 4 3 4 3 3 3 2 2 4 3 3 2 2 2 4 3 4 4 4 3 5 1 1 3 5 3 2 5 5 3 2 1 3 4 4 3 5 4 3 5 2 1 3 5 3 1 4 4 4 1 5 1 3 2 1 5 1 1 5 3 2 5 4 5 2 1 3 2 4 1 1 5 2 1 2 2 5
1 4 2 3 4 3 3 5 5 1 1 3 4 1 5 3 5 1 2 3 4 4 1 3 2 5 3 1 2 5 4 5 4 4 3 5 3 1 3 2 3 1 1 4 1 2 4 4 4 3 5 1 1 3 1 2 0 5 5 2 2 2 2 1 4 4 3 3 3 2 2 2 5 5 2 1 2 1 2 5 1 5 2 4 2 2 5 3 3 4 2 2 2 1 2 2 5 1 5 2 1 3 4 4 5 1 5 1 4 4 2 4 3 3 3 3 5 1 3 4 4 1 2 2 2 5 2 4 3 2 2 1 2 3 5 2 5 3 1 2 3 3 4 3 2 2 1 4 5 3 2 2 2 5 2 4 1 3 1 4 1 1 2 4 3 4 1 4 3 2 1 1 5 5 4 2 1 2 2 4 4 5 3 2 2 5 5 2 3 5 5 3 4 1 1 1 1 1 1 1
2 1 4 5 5 3 4 5 5 4 5 4 5 4 2 1 5 3 1 5 3 2 4 3 3 2 3 3 1 3 1 5 1 1 1 3 2 2 5 1 2 3 3 2 3 3 5 2 3 1 1 4 3 5 4 4 5 0 5 5 1 4 1 2 5 3 2 5 4 3 4 5 3 4 2 3 1 2 3 5 2 1 3 2 3 1 4 1 4 4 1 1 1 3 5 5 3 3 4 3 2 1 3 4 5 5 3 4 2 3 4 4 5 4 2 5 4 1 2 4 3 3 2 1 1 5 1 5 4 3 2 2 4 1 5 1 1 3 4 2 1 3 5 3 2 4 5 2 5 2 5 1 4 2 4 2 1 1 4 4 1 2 3 5 2 5 4 4 5 4 3 3 3 3 2 3 5 5 2 5 3 1 5 3 3 4 5 5 3 4 2 4 3 5 1 4 4 1 1 5
4 1 3 2 2 2 2 2 3 1 5 4 1 1 4 4 3 3 5 3 4 1 5 3 3 2 4 4 2 3 5 1 5 3 1 3 5 5 4 1 3 3 5 4 4 3 5 1 5 1 1 2 2 3 3 4 5 5 0 5 5 2 5 5 4 1 1 3 1 5 1 4 1 1 2 5 2 5 4 4 4 4 4 1 3 2 5 2 1 3 3 4 4 1 3 4 4 4 3 5 4 5 3 3 4 3 1 1 5 3 3 5 4 5 5 4 5 3 1 3 4 2 5 2 3 2 1 2 2 4 2 4 2 1 5 2 2 1 4 5 4 3 2 5 1 3 5 4 5 2 4 1 5 3 3 3 1 5 1 5 2 2 5 4 2 1 4 4 5 2 5 3 1 1 5 3 4 5 1 3 2 2 4 1 2 3 2 3 5 2 2 1 4 5 1 4 5 3 5 5
2 3 1 2 1 1 5 2 5 5 1 1 2 5 1 3 2 4 5 1 2 2 1 1 4 4 1 4 4 5 5 3 1 1 5 3 3 1 5 3 1 2 3 3 5 5 5 2 5 5 3 1 5 4 1 2 2 5 5 0 1 2 4 4 3 3 3 2 3 4 1 2 5 5 4 1 1 1 2 2 1 4 1 1 1 3 3 4 1 1 3 1 3 5 1 5 5 5 3 5 2 1 4 2 5 5 4 2 4 1 2 5 3 2 3 5 2 2 3 1 1 3 4 5 4 1 5 4 2 5 3 5 4 1 3 3 4 2 3 1 2 4 4 2 2 4 5 5 1 3 5 5 1 4 2 3 2 4 2 3 1 4 2 3 5 1 3 3 2 5 3 4 5 1 4 4 5 3 4 5 1 4 3 3 1 2 5 5 4 1 5 3 4 2 5 3 2 2 3 1
4 2 1 5 4 2 1 1 1 3 2 3 5 5 2 3 2 1 2 2 1 2 1 3 1 1 4 5 5 2 3 2 4 4 3 3 5 1 5 5 5 5 3 4 4 1 2 4 2 5 2 2 4 4 2 3 2 1 5 1 0 4 1 4 2 2 2 1 3 3 5 5 4 1 4 3 3 2 4 3 3 5 3 3 5 4 3 1 1 3 3 2 5 2 2 3 4 4 1 1 2 2 4 5 1 5 3 1 5 1 1 4 1 5 4 2 4 5 4 1 4 2 5 1 4 4 1 2 5 3 3 2 4 2 2 5 2 1 4 1 5 4 3 1 3 1 1 1 2 5 1 2 4 4 2 1 2 2 3 3 5 1 5 1 4 3 5 2 4 3 4 5 3 1 2 5 2 2 2 2 1 3 1 4 1 2 1 5 3 5 4 5 2 4 5 4 2 3 4 3
3 3 1 4 3 1 4 5 3 1 1 5 5 2 1 2 4 3 5 3 2 3 1 2 2 1 3 4 3 5 5 2 4 5 4 5 3 5 3 3 3 2 4 3 5 3 1 1 2 5 2 2 5 4 5 2 2 4 2 2 4 0 4 1 2 2 1 3 4 2 4 5 5 2 3 5 1 2 2 4 2 1 1 3 3 3 3 1 3 2 2 2 4 4 4 5 3 3 2 4 4 5 2 1 5 2 2 1 4 2 2 5 1 2 1 2 5 2 4 4 5 5 5 1 2 4 4 2 4 5 3 4 2 5 2 3 5 1 5 2 2 5 2 1 4 2 2 2 5 1 3 5 5 1 5 4 5 2 2 2 4 1 4 4 2 4 1 1 1 1 4 4 4 5 2 1 5 5 4 1 1 1 5 5 2 5 2 4 2 5 5 4 5 1 3 4 2 5 3 5
4 5 2 4 5 3 2 3 4 4 1 4 3 5 2 2 2 1 1 3 1 2 5 3 3 5 5 3 1 4 1 5 2 5 3 3 3 3 1 4 5 1 5 5 1 2 5 4 4 1 4 2 2 1 4 4 2 1 5 4 1 4 0 4 1 3 4 5 2 5 5 5 1 3 5 4 3 4 5 3 3 1 2 4 4 1 4 4 1 2 3 1 4 4 5 2 1 2 1 2 5 2 1 4 5 1 4 1 4 3 5 4 2 4 4 5 2 5 2 1 2 1 4 5 4 5 1 1 1 1 1 4 5 1 2 4 1 1 2 2 3 1 2 1 2 3 4 2 3 4 2 5 1 1 4 5 5 1 4 1 2 2 4 1 2 4 4 2 5 1 5 3 1 3 1 1 2 2 2 4 1 2 1 3 1 2 3 1 3 2 3 1 1 4 3 2 2 3 5 1
3 3 2 2 3 2 5 3 4 1 4 4 1 2 1 1 3 1 3 2 3 4 4 1 2 2 3 3 4 2 4 2 4 1 4 1 3 4 3 4 3 5 5 5 4 2 2 5 3 5 2 1 4 5 4 1 1 2 5 4 4 1 4 0 4 2 3 2 5 4 4 2 1 3 4 1 1 1 2 1 5 4 1 1 1 1 1 2 1 3 1 3 3 4 5 2 3 4 2 5 3 3 2 4 5 2 1 2 5 2 4 4 2 4 1 4 2 1 5 3 2 1 4 4 2 5 4 3 3 3 4 3 3 3 4 2 3 4 2 4 4 1 2 5 1 2 2 4 2 1 3 4 2 5 2 3 2 4 3 3 3 5 3 3 4 1 5 4 3 3 2 2 3 2 4 3 1 4 5 2 1 2 1 2 2 1 4 1 5 1 5 2 3 3 4 5 3 3 2 2
4 5 2 3 5 2 3 4 2 4 5 2 4 5 3 2 5 1 4 4 3 5 5 1 3 2 3 3 4 1 4 1 4 1 2 3 4 5 4 5 2 4 2 3 3 5 2 1 4 5 2 2 3 2 2 5 4 5 4 3 2 2 1 4 0 4 5 5 4 5 5 3 1 4 4 1 1 1 4 1 2 1 5 1 1 2 1 2 1 4 1 2 5 4 3 5 4 2 2 3 1 2 3 1 4 5 3 3 2 5 1 5 3 1 1 3 5 1 2 5 2 2 2 2 5 1 3 2 2 1 1 3 3 5 5 3 3 3 1 3 3 3 1 4 1 4 4 3 1 1 4 4 3 2 2 2 2 3 2 4 5 2 2 4 5 5 2 3 2 4 1 1 5 2 1 3 4 1 4 1 2 3 3 2 5 5 5 1 3 2 2 2 5 1 4 5 1 2 2 4
4 1 4 5 3 1 2 4 3 4 5 2 5 4 4 4 2 1 1 4 1 2 2 5 4 1 1 1 5 5 4 4 1 4 4 4 1 3 2 4 1 4 3 1 3 4 5 4 2 2 2 5 1 3 3 2 4 3 1 3 2 2 3 2 4 0 2 5 1 3 5 3 4 1 2 4 2 3 4 3 1 4 4 5 4 3 2 3 1 5 4 5 4 2 3 3 3 4 4 1 5 4 1 5 5 5 3 4 2 3 4 4 3 1 4 1 5 4 1 3 5 5 4 2 5 2 2 3 4 2 2 4 1 1 1 2 3 4 3 2 3 2 1 4 1 2 4 4 4 3 4 5 3 1 2 3 3 1 1 1 4 1 2 2 5 1 5 1 4 5 1 4 2 2 1 1 4 4 4 2 1 4 4 4 3 2 4 5 3 4 4 5 1 2 5 3 1 2 2 4
1 5 1 3 4 2 3 4 4 4 5 2 1 2 2 2 5 1 3 4 2 3 1 2 2 4 4 1 2 3 5 4 5 5 2 5 5 2 5 2 5 1 2 3 4 5 1 5 3 1 2 5 1 2 3 5 3 2 1 3 2 1 4 3 5 2 0 2 4 4 4 2 2 2 2 5 5 5 2 5 3 3 1 1 1 5 2 2 1 5 4 3 1 3 5 1 4 1 1 4 5 2 4 5 3 4 4 3 2 3 4 2 3 3 5 3 4 1 5 3 1 1 4 3 1 4 1 1 1 1 5 5 3 3 3 3 2 2 2 2 5 2 5 1 1 4 4 2 3 1 5 5 3 4 4 3 1 5 4 1 5 3 2 2 1 3 4 5 1 1 2 2 2 1 1 4 1 2 1 3 5 2 5 4 3 3 4 5 4 5 4 1 4 5 4 4 4 2 1 4
1 3 5 1 5 4 2 2 4 2 1 5 1 2 3 1 5 4 3 3 2 3 4 1 4 5 1 2 1 3 1 1 5 3 5 2 2 1 3 5 3 1 2 4 4 2 3 3 5 4 1 3 3 5 5 1 3 5 3 2 1 3 5 2 5 5 2 0 1 4 5 3 4 1 3 4 4 4 5 2 4 5 2 1 5 5 3 3 5 5 3 2 3 2 5 4 1 2 4 1 1 3 4 1 3 1 4 4 2 2 5 5 2 3 5 2 4 4 3 2 5 5 1 2 3 5 1 3 3 5 3 4 5 5 2 1 4 2 5 5 3 1 4 2 3 3 2 1 3 1 4 5 3 3 2 3 4 4 2 4 2 5 1 2 5 3 3 5 3 4 5 2 1 3 5 4 2 3 1 5 4 4 4 3 4 2 5 1 1 1 5 5 3 1 4 1 4 1 1 1
5 3 1 2 5 2 1 4 2 1 5 3 4 1 2 3 1 5 4 5 2 2 2 2 3 5 2 2 5 3 2 4 4 1 1 3 3 5 5 4 3 4 1 1 1 2 2 1 1 2 3 4 1 4 3 1 3 4 1 3 3 4 2 5 4 1 4 1 0 5 5 1 5 2 1 3 2 4 3 2 3 4 5 1 4 1 1 2 3 4 5 2 5 4 4 2 3 4 2 3 2 3 4 2 4 3 3 2 3 5 3 2 2 1 1 1 1 1 3 5 3 2 2 2 1 4 5 4 2 5 4 5 3 5 5 1 3 4 1 2 5 3 4 2 5 4 3 5 5 4 3 4 1 1 1 1 4 4 2 3 4 5 5 3 4 5 2 1 1 5 5 3 3 3 5 1 2 1 3 5 5 5 4 4 2 3 3 3 5 3 3 4 5 5 2 3 4 2 4 3
5 5 1 1 3 3 2 2 1 5 4 3 5 2 2 1 3 3 5 5 5 1 3 3 1 5 1 1 5 4 4 3 3 5 1 5 5 1 3 1 1 2 2 1 3 1 3 4 1 3 1 1 3 2 4 1 2 3 5 4 3 2 5 4 5 3 4 4 5 0 1 2 3 2 3 1 4 2 2 1 2 5 4 4 1 4 4 3 5 2 1 3 3 1 4 1 4 4 3 1 1 4 1 3 4 5 5 3 5 3 1 4 5 3 4 4 2 5 4 1 4 5 1 4 4 5 4 1 3 3 4 2 4 1 3 5 4 5 4 3 1 3 4 2 1 5 2 5 5 2 3 5 4 4 5 3 4 5 2 3 1 4 1 4 2 1 5 1 5 2 1 5 4 4 4 4 3 3 5 5 5 1 2 5 4 5 5 1 1 1 1 1 4 2 5 1 2 2 5 2
4 2 4 3 4 1 2 1 5 4 2 2 5 4 4 3 1 1 5 4 5 3 3 2 2 1 3 2 2 5 1 1 5 1 4 2 2 4 1 4 4 4 3 3 2 4 1 1 3 5 1 1 4 5 2 4 2 4 1 1 5 4 5 4 5 5 4 5 5 1 0 3 4 3 4 2 2 3 3 1 1 3 3 5 2 1 3 4 2 4 5 3 2 3 2 1 2 2 1 2 2 3 3 2 3 1 1 4 3 4 2 4 1 4 4 2 5 1 2 3 5 1 3 4 2 3 5 5 4 2 3 2 3 2 1 1 3 1 1 2 3 2 3 3 1 5 5 2 2 3 5 5 2 5 5 5 5 3 3 3 1 3 4 4 3 5 3 4 5 2 4 4 4 1 1 5 2 4 2 1 1 4 1 2 2 2 2 2 5 5 5 3 5 1 1 5 3 5 2 3
1 2 2 2 1 4 1 2 3 4 2 3 3 1 3 1 1 3 1 5 3 5 3 4 1 3 3 5 5 5 2 1 3 3 2 1 3 5 2 3 1 1 2 4 4 4 4 5 2 3 2 3 3 1 5 5 2 5 4 2 5 5 5 2 3 3 2 3 1 2 3 0 5 3 3 3 1 2 2 5 5 3 1 2 4 1 5 4 5 4 3 3 2 3 4 3 3 5 5 2 1 2 1 2 4 5 5 2 1 5 5 5 5 3 5 3 3 1 5 2 4 2 1 4 5 5 4 5 2 3 5 1 5 5 3 4 5 5 2 2 4 4 5 3 3 2 2 2 1 2 5 3 1 2 2 1 4 4 5 4 3 4 3 5 2 3 3 5 3 1 5 4 4 2 4 4 2 2 2 2 1 4 4 3 2 2 1 3 2 5 3 5 5 4 2 3 3 2 4 1
1 1 5 1 2 5 5 2 1 2 1 3 1 5 3 4 5 5 5 5 2 2 5 1 4 3 4 3 3 2 3 4 4 3 5 2 5 4 2 2 5 5 3 1 3 2 3 1 4 3 3 3 3 2 2 3 5 3 1 5 4 5 1 1 1 4 2 4 5 3 4 5 0 5 1 1 3 3 5 1 1 3 1 5 2 5 4 5 4 5 2 1 3 5 2 5 4 3 5 5 5 2 1 3 5 2 1 2 4 3 2 3 2 5 3 3 3 2 1 3 3 3 1 5 2 5 4 4 2 3 2 4 5 5 1 3 5 1 2 3 3 2 5 3 3 1 1 4 5 4 3 5 3 3 5 4 1 5 3 4 3 4 4 4 1 4 5 2 4 2 2 4 2 3 4 5 5 3 4 4 3 1 2 2 3 3 3 1 4 2 5 2 1 3 3 2 2 4 4 4
1 2 2 4 4 5 4 5 3 4 2 4 3 3 2 5 3 5 5 4 5 1 2 2 4 5 4 4 1 2 5 5 5 2 2 5 1 1 5 5 2 5 3 3 4 5 2 1 2 2 3 2 4 1 1 5 5 4 1 5 1 2 3 3 4 1 2 1 2 2 3 3 5 0 3 4 5 3 5 2 5 5 3 5 4 4 1 2 2 3 1 5 1 5 1 3 3 3 5 5 3 2 1 1 2 5 4 5 4 3 3 1 2 5 4 1 1 5 4 3 1 2 5 4 4 1 3 4 1 3 4 3 2 3 3 4 5 5 2 3 3 1 2 5 3 2 3 1 3 2 4 4 4 1 2 4 1 1 3 4 3 3 5 1 1 3 2 5 2 5 1 1 3 5 3 3 1 4 3 4 1 3 5 4 3 5 5 2 5 2 1 1 1 3 1 5 3 5 4 5
3 4 1 5 2 2 4 5 5 5 2 1 5 5 2 5 1 1 4 3 5 5 2 3 1 5 2 2 2 3 3 2 3 2 5 2 1 2 5 5 1 5 4 3 3 4 3 5 2 4 1 3 4 4 3 4 2 2 2 4 4 3 5 4 4 2 2 3 1 3 4 3 1 3 0 2 1 2 5 4 4 3 4 3 4 2 1 4 2 4 1 5 3 1 4 3 4 3 2 2 3 2 4 1 3 4 4 2 1 2 2 3 3 5 1 1 4 5 4 4 2 2 1 5 5 4 2 2 3 3 2 3 1 4 4 4 3 1 3 4 4 1 5 5 2 5 3 3 5 4 2 4 4 3 2 2 5 4 3 5 4 3 3 1 4 3 4 2 4 1 2 1 3 2 4 3 4 4 3 5 5 5 3 3 1 2 1 4 5 1 3 3 1 2 3 1 3 5 4 2
5 2 4 4 5 5 4 5 4 2 5 4 5 2 3 3 2 3 3 4 2 5 1 4 1 3 4 4 4 4 2 1 1 2 5 4 1 4 3 3 2 1 2 5 4 4 5 1 1 3 5 4 5 4 1 5 1 3 5 1 3 5 4 1 1 4 5 4 3 1 2 3 1 4 2 0 5 2 2 1 4 2 4 2 3 2 5 4 3 2 5 4 5 4 2 3 3 1 3 5 1 5 2 1 1 5 3 3 4 1 5 4 1 2 5 4 2 3 5 2 4 1 5 3 3 5 1 4 2 4 5 4 1 3 3 2 3 4 1 3 5 5 4 1 5 2 5 4 1 2 4 3 4 5 5 3 1 1 1 1 5 4 5 3 1 4 4 3 4 2 4 2 5 5 5 5 5 2 4 2 3 3 2 5 3 1 5 3 1 2 2 1 4 4 4 2 5 5 5 3
5 1 2 4 4 3 4 3 5 2 5 3 4 1 2 2 4 2 3 2 5 5 1 2 3 5 5 4 3 1 5 1 3 2 2 1 2 4 1 1 1 2 3 1 3 4 1 5 4 3 5 1 4 1 3 2 2 1 2 1 3 1 3 1 1 2 5 4 2 4 2 1 3 5 1 5 0 4 4 4 2 4 5 2 3 3 5 5 4 3 5 1 1 1 3 3 2 3 4 2 5 1 1 3 2 5 4 4 4 3 4 1 3 4 5 3 1 2 2 5 3 4 4 5 1 2 5 1 2 3 1 5 5 1 4 5 4 2 2 2 1 2 3 3 2 2 5 4 3 2 3 4 2 2 2 1 4 3 2 3 5 2 2 5 4 5 2 1 1 4 1 4 2 1 2 3 1 5 4 4 4 4 3 3 2 3 2 1 1 5 4 3 5 3 3 5 3 5 3 2
2 3 3 4 1 5 3 3 3 1 5 5 1 3 3 1 4 3 1 5 2 4 1 4 3 2 2 2 2 3 3 3 1 1 3 2 5 5 5 5 3 5 1 2 1 5 4 4 4 1 4 3 5 2 3 2 1 2 5 1 2 2 4 1 1 3 5 4 4 2 3 2 3 3 2 2 4 0 3 1 3 3 1 5 5 4 3 3 4 2 3 2 3 3 2 4 5 5 1 4 3 1 1 5 5 1 5 5 2 4 1 4 5 4 5 3 4 2 3 3 3 4 3 5 3 3 5 3 1 4 5 4 2 3 2 5 1 5 1 2 2 2 4 2 4 4 4 4 1 1 4 4 3 3 1 4 3 1 5 1 3 4 4 3 1 1 3 4 2 3 1 2 3 1 1 1 5 1 4 5 1 1 2 5 4 5 1 3 5 3 1 4 1 5 5 5 2 2 1 5
4 2 3 1 5 2 1 2 2 2 2 1 2 3 4 2 2 4 2 3 5 5 4 3 5 3 5 5 2 3 4 1 5 4 5 2 5 4 5 5 4 4 1 4 4 1 1 3 2 5 3 3 4 3 3 4 2 3 4 2 4 2 5 2 4 4 2 5 3 2 3 2 5 5 5 2 4 3 0 1 5 3 3 4 3 5 4 2 5 2 4 5 4 3 4 2 4 5 2 4 2 1 5 3 3 5 5 3 1 1 2 1 1 4 3 3 2 3 4 5 5 3 5 5 1 1 4 5 1 5 3 4 1 3 1 4 1 1 5 1 3 3 1 3 5 1 5 3 1 3 1 1 5 5 2 5 3 3 4 2 1 3 2 2 2 4 2 4 2 5 1 3 2 1 5 2 5 5 4 5 3 3 3 5 1 3 3 5 1 2 2 1 3 5 1 2 5 5 3 2
5 2 4 3 2 3 1 3 3 3 2 3 5 2 2 1 1 5 1 1 3 2 4 5 2 4 4 5 2 4 4 5 4 4 3 2 1 5 4 3 4 5 5 4 5 5 3 2 3 4 1 3 2 4 4 1 5 5 4 2 3 4 3 1 1 3 5 2 2 1 1 5 1 2 4 1 4 1 1 0 4 3 5 2 5 3 5 1 3 2 2 5 3 2 3 1 4 4 2 4 3 2 3 4 5 2 1 3 4 4 4 4 1 5 5 1 2 5 4 2 3 2 4 3 2 5 3 5 5 3 4 1 5 1 5 3 3 2 5 1 1 2 3 2 5 2 3 1 5 1 3 2 2 1 5 4 5 4 1 2 1 2 5 3 4 4 4 3 5 2 4 5 1 1 2 2 3 3 2 4 2 2 5 1 5 2 2 2 2 2 1 3 2 4 1 1 3 4 5 3
1 3 5 3 1 4 5 2 3 5 1 2 1 2 3 3 4 5 2 3 4 3 1 5 4 4 4 3 2 3 2 4 3 3 1 3 2 4 3 1 4 1 4 4 1 1 2 2 3 5 2 3 5 3 3 4 1 2 4 1 3 2 3 5 2 1 3 4 3 2 1 5 1 5 4 4 2 3 5 4 0 4 4 3 5 3 5 4 4 3 2 1 5 2 3 1 2 4 5 4 4 1 4 4 1 1 5 3 4 4 2 3 4 4 2 3 2 5 4 2 5 5 2 1 1 2 2 5 3 5 5 2 4 2 5 5 5 1 1 5 4 4 1 3 5 3 3 3 1 3 3 4 5 5 2 3 2 3 2 3 1 3 5 5 2 1 3 4 5 1 4 5 2 5 2 3 1 4 5 1 2 5 1 3 5 5 4 5 4 1 2 3 3 3 3 5 1 3 4 2
1 4 5 5 2 3 5 4 3 1 1 1 5 3 4 2 3 5 3 5 5 3 3 5 2 1 1 4 5 1 3 3 5 2 3 3 2 1 5 5 2 5 3 3 3 1 3 5 2 4 3 3 4 1 3 5 5 1 4 4 5 1 1 4 1 4 3 5 4 5 3 3 3 5 3 2 4 3 3 3 4 0 2 3 1 5 3 2 1 1 1 4 2 1 3 2 4 1 1 1 4 3 5 4 5 5 5 2 1 2 2 1 4 2 2 3 4 3 1 5 1 5 5 2 2 5 4 3 5 3 4 5 3 1 1 5 4 3 2 4 2 2 5 3 2 2 2 1 1 1 5 1 2 5 4 2 3 5 5 4 3 2 4 1 3 2 5 5 4 1 1 2 3 5 5 2 2 1 1 4 5 1 1 5 5 2 5 1 1 2 5 1 1 3 5 4 1 3 5 1
5 3 4 5 3 3 3 2 1 4 4 1 3 5 4 1 1 3 4 5 5 1 3 2 4 5 1 2 2 2 4 1 4 2 3 1 5 2 3 2 3 5 5 4 4 2 3 5 2 5 5 3 1 1 4 5 2 3 4 1 3 1 2 1 5 4 1 2 5 4 3 1 1 3 4 4 5 1 3 5 4 2 0 5 3 3 5 3 4 5 2 2 1 2 5 2 1 5 3 4 1 4 5 2 1 3 4 4 3 2 4 3 5 5 3 5 1 3 1 1 4 1 1 2 5 1 2 1 4 4 3 4 1 2 3 4 4 4 5 4 3 4 3 3 5 3 5 4 2 2 4 1 2 4 4 1 4 3 5 5 3 2 3 4 5 1 1 2 2 3 1 2 2 2 3 4 5 1 1 5 2 1 4 2 1 2 4 2 2 5 3 1 3 3 2 2 5 4 2 3
3 1 5 2 4 2 3 3 5 5 5 5 2 5 2 5 3 3 1 1 4 3 2 5 4 4 1 5 3 3 5 2 4 3 3 5 1 4 5 3 4 1 2 4 5 4 3 3 1 3 1 3 2 3 3 3 4 2 1 1 3 3 4 1 1 5 1 1 1 4 5 2 5 5 3 2 2 5 4 2 3 3 5 0 1 1 4 1 4 5 3 5 4 5 4 3 2 4 2 4 3 3 1 1 4 4 2 4 5 2 2 1 1 4 2 5 5 4 2 5 3 1 5 5 1 2 2 1 5 2 1 1 2 5 5 3 1 5 1 1 1 2 5 2 3 3 1 5 1 3 5 2 1 4 2 3 5 2 1 2 1 3 1 2 2 2 5 5 1 4 5 3 2 5 1 1 1 4 3 4 4 2 5 1 3 2 4 2 1 4 5 4 2 5 2 4 5 5 5 3
4 1 1 3 3 3 2 1 2 5 2 3 4 5 5 1 5 3 5 3 2 4 1 5 2 1 2 1 3 3 5 3 1 3 1 1 1 2 4 1 5 5 1 4 1 5 5 1 1 1 4 1 2 1 2 2 2 3 3 1 5 3 4 1 1 4 1 5 4 1 2 4 2 4 4 3 3 5 3 5 5 1 3 1 0 1 2 5 4 2 5 2 3 2 5 2 5 4 1 2 4 1 2 2 2 5 5 4 2 4 3 4 2 3 3 3 5 5 4 3 1 4 5 2 5 1 4 4 1 2 5 5 5 4 2 1 4 3 3 4 3 4 5 3 4 4 3 2 3 3 3 1 2 2 4 5 3 3 1 3 5 3 3 4 3 2 5 4 3 2 2 2 1 1 3 1 4 2 1 5 1 4 1 3 1 2 3 3 5 5 4 3 2 4 2 3 4 2 1 4
3 3 1 5 4 2 2 1 5 1 1 2 5 2 1 4 2 4 5 1 5 2 5 2 3 5 5 4 5 2 4 3 3 1 2 5 3 5 1 2 2 5 4 3 1 5 1 4 4 2 3 3 4 5 5 3 2 1 2 3 4 3 1 1 2 3 5 5 1 4 1 1 5 4 2 2 3 4 5 3 3 5 3 1 1 0 2 5 3 3 4 5 1 4 5 2 3 1 4 2 4 5 4 4 4 1 5 5 2 5 5 1 4 3 3 3 3 2 4 1 4 2 2 1 1 5 5 2 2 2 3 4 1 4 3 1 5 3 5 5 4 5 5 3 1 1 4 3 3 1 4 1 4 5 4 2 2 5 3 3 3 2 2 2 1 1 5 4 5 4 3 1 4 4 3 4 3 3 3 5 4 4 2 3 3 3 3 5 5 5 2 2 3 4 3 1 2 4 1 3
1 4 3 5 3 4 2 1 1 2 2 4 2 4 3 1 4 2 5 1 5 2 4 2 5 2 4 5 2 4 2 2 1 5 4 5 5 3 3 2 4 4 3 2 3 1 2 1 1 5 3 4 2 1 5 5 5 4 5 3 3 3 4 1 1 2 2 3 1 4 3 5 4 1 1 5 5 3 4 5 5 3 5 4 2 2 0 1 3 4 3 3 4 1 3 4 5 3 4 4 2 3 5 4 4 5 1 3 2 4 4 3 1 2 1 1 3 2 5 1 4 3 2 5 1 1 3 1 1 1 3 1 2 4 3 4 3 1 2 4 3 1 3 5 4 2 4 2 3 3 3 4 2 4 3 4 5 3 5 4 4 1 2 2 3 2 4 1 3 4 5 3 3 2 4 5 4 3 4 3 3 2 1 2 3 3 3 4 3 2 1 4 5 2 4 1 2 4 1 2
2 2 3 3 2 5 5 1 4 4 2 2 2 3 2 4 2 4 2 2 5 3 3 5 5 4 3 3 4 4 2 5 3 1 1 3 4 5 1 3 1 2 4 4 1 4 2 2 3 3 2 3 5 1 2 4 3 1 2 4 1 1 4 2 2 3 2 3 2 3 4 4 5 2 4 4 5 3 2 1 4 2 3 1 5 5 1 0 3 5 2 5 5 5 2 5 3 1 4 3 3 1 1 4 4 4 5 2 5 4 3 4 3 4 2 1 4 3 3 1 3 3 3 2 1 5 3 1 5 3 4 1 4 2 3 5 1 1 5 2 4 3 5 4 5 1 1 2 5 1 5 1 4 2 5 5 2 2 1 2 1 5 4 3 4 2 4 1 5 5 5 5 4 5 3 2 5 1 5 4 4 4 4 2 1 1 3 4 1 2 1 5 2 5 1 2 2 2 5 2
3 2 2 1 2 3 2 5 5 4 4 4 4 3 1 2 1 4 5 2 1 5 3 5 3 3 1 3 3 2 2 1 2 2 2 1 5 5 4 2 1 3 3 1 1 4 4 5 2 2 1 5 5 2 1 1 3 4 1 1 1 3 1 1 1 1 1 5 3 5 2 5 4 2 2 3 4 4 5 3 4 1 4 4 4 3 3 3 0 5 2 2 5 3 1 1 3 2 1 2 1 1 1 2 2 5 4 3 4 1 5 2 3 2 3 1 3 1 5 2 1 3 2 2 3 5 4 5 5 1 4 4 5 3 4 3 4 2 2 2 4 2 5 1 3 2 3 3 5 5 2 2 1 4 1 5 2 5 4 5 3 3 4 1 1 3 1 3 3 3 5 2 4 4 3 4 4 2 3 3 2 2 4 2 4 1 5 3 2 1 5 3 2 3 3 2 1 5 5 1
5 4 2 3 5 5 3 5 5 5 2 3 5 5 1 2 5 4 5 5 2 1 5 2 3 4 3 1 3 3 4 3 5 1 1 4 3 5 5 2 1 3 4 3 1 1 3 4 2 3 5 5 1 3 5 2 4 4 3 1 3 2 2 3 4 5 5 5 4 2 4 4 5 3 4 2 3 2 2 2 3 1 5 5 2 3 4 5 5 0 1 1 4 4 1 3 1 3 2 4 4 3 3 1 2 4 5 5 1 2 1 3 4 3 3 4 2 3 5 1 2 2 2 5 1 5 3 1 2 2 5 5 5 5 4 2 2 1 4 3 5 5 1 3 2 2 1 2 2 5 5 4 5 1 2 1 1 3 4 2 5 3 4 3 2 4 5 5 2 1 5 5 1 4 4 1 5 4 2 1 2 4 3 5 1 1 5 1 3 4 3 2 5 2 4 4 2 5 4 5
4 1 1 4 2 5 5 2 1 3 1 5 3 4 5 5 1 3 5 2 5 5 3 1 4 1 4 4 3 1 2 3 2 4 1 3 4 5 3 4 3 2 5 5 1 3 2 2 1 1 4 2 5 2 3 2 2 1 3 3 3 2 3 1 1 4 4 3 5 1 5 3 2 1 1 5 5 3 4 2 2 1 2 3 5 4 3 2 2 1 0 2 4 3 2 4 2 2 4 1 4 2 3 5 1 3 3 1 3 1 5 4 5 3 3 3 1 3 5 4 3 5 1 2 2 1 4 4 3 3 5 5 4 2 5 5 4 2 3 2 3 3 4 3 3 2 5 4 4 1 5 4 1 3 5 2 4 1 3 5 2 3 4 2 2 3 2 2 3 4 5 3 1 5 1 1 1 4 3 4 4 5 4 4 3 5 1 1 3 2 4 1 5 4 5 1 2 3 3 2
1 2 2 4 5 2 1 1 4 4 1 5 5 2 2 4 3 2 1 2 4 5 4 3 4 4 5 4 2 5 4 4 4 1 1 3 2 5 3 5 2 2 2 3 4 3 1 1 1 4 2 1 4 3 5 3 2 1 4 1 2 2 1 3 2 5 3 2 2 3 3 3 1 5 5 4 1 2 5 5 1 4 2 5 2 5 3 5 2 1 2 0 4 2 2 4 5 3 5 4 5 4 1 5 5 5 5 2 1 4 5 5 2 3 3 4 2 5 1 2 1 3 3 4 2 5 3 4 5 2 2 5 2 3 2 4 1 2 4 2 3 1 3 4 4 3 4 3 4 1 3 3 3 3 4 4 2 1 4 3 4 4 5 2 1 4 4 4 4 1 3 4 1 4 2 2 5 2 1 5 3 4 2 4 2 1 4 4 5 2 3 4 4 3 3 2 3 2 5 1
1 2 1 5 2 1 4 1 2 3 5 3 2 3 1 4 5 2 1 3 5 1 3 1 1 1 5 3 1 5 1 1 2 1 3 1 2 3 5 5 5 4 4 1 1 3 2 2 2 4 4 1 5 4 1 4 2 1 4 3 5 4 4 3 5 4 1 3 5 3 2 2 3 1 3 5 1 3 4 3 5 2 1 4 3 1 4 5 5 4 4 4 0 2 5 4 4 3 4 1 1 4 3 2 4 2 5 4 3 1 5 2 5 2 3 5 3 1 2 1 5 2 2 4 5 4 4 1 1 4 5 2 3 2 1 1 1 4 1 4 5 5 1 1 3 1 4 3 2 5 3 1 4 3 1 2 4 1 4 1 4 2 2 2 1 2 5 4 3 2 3 5 1 3 2 1 2 1 5 3 3 2 4 5 2 5 5 2 5 2 4 1 2 3 5 2 5 1 2 3
4 4 5 1 5 2 5 2 3 4 2 4 5 5 3 2 4 5 5 1 2 2 2 2 1 1 4 4 2 1 4 1 5 4 1 4 5 4 2 3 5 2 1 1 1 4 3 2 3 4 1 1 1 2 4 5 1 3 1 5 2 4 4 4 4 2 3 2 4 1 3 3 5 5 1 4 1 3 3 2 2 1 2 5 2 4 1 5 3 4 3 2 2 0 1 5 5 1 2 3 5 1 2 3 3 2 5 5 2 4 1 2 4 2 4 5 4 4 1 3 4 2 2 2 5 1 4 2 5 2 5 3 2 3 1 4 4 3 4 4 4 4 3 5 3 2 1 4 1 5 1 4 2 4 2 2 5 2 2 4 3 4 3 3 3 2 1 5 5 2 1 3 2 4 5 2 2 2 4 3 5 2 4 5 1 5 2 5 2 4 3 4 3 1 1 4 2 3 1 4
5 5 5 1 5 2 4 5 5 5 2 2 4 4 4 2 2 5 5 2 3 3 5 1 1 3 2 3 1 4 5 4 3 5 3 3 1 3 4 3 2 1 1 1 5 3 3 5 1 2 5 2 5 2 2 1 2 5 3 1 2 4 5 5 3 3 5 5 4 4 2 4 2 1 4 2 3 2 4 3 3 3 5 4 5 5 3 2 1 1 2 2 5 1 0 5 3 1 1 1 5 2 4 5 4 3 4 3 2 3 5 1 3 1 2 4 3 3 4 2 5 4 3 1 1 1 2 3 1 2 2 4 1 5 1 4 4 5 4 4 5 2 2 1 4 2 2 5 3 5 3 1 1 2 5 4 3 5 1 1 5 1 5 3 4 1 1 1 1 3 2 2 4 1 4 4 2 4 1 5 3 5 1 4 2 1 3 5 2 4 5 3 5 5 4 2 2 4 3 4
4 1 5 1 2 2 1 4 2 3 2 3 4 1 3 5 2 3 4 1 1 5 3 5 4 4 4 1 1 4 3 5 5 1 1 1 2 5 1 2 2 1 4 1 1 4 1 3 4 1 4 3 5 2 3 2 2 5 4 5 3 5 2 2 5 3 1 4 2 1 1 3 5 3 3 3 3 4 2 1 1 2 2 3 2 2 4 5 1 3 4 4 4 5 5 0 4 3 3 4 3 2 3 1 3 3 4 3 1 1 1 2 5 5 2 1 5 2 5 4 1 5 5 4 3 1 4 3 1 3 3 2 1 1 2 2 2 1 2 1 4 3 4 3 1 1 4 3 2 1 2 4 2 3 5 3 1 2 1 2 2 4 3 4 5 1 1 4 2 1 4 4 5 1 3 2 5 5 2 2 4 1 5 1 2 1 1 5 2 3 4 4 5 4 2 3 5 3 2 2
4 5 5 1 2 4 3 1 3 5 1 4 2 5 2 3 1 3 2 5 3 2 2 5 5 3 3 2 5 4 3 3 1 5 3 2 2 2 2 1 4 5 4 2 4 1 5 1 3 4 1 4 5 3 5 3 5 3 4 5 4 3 1 3 4 3 4 1 3 4 2 3 4 3 4 3 2 5 4 4 2 4 1 2 5 3 5 3 3 1 2 5 4 5 3 4 0 4 4 4 4 5 2 1 3 5 5 2 2 1 3 5 3 4 3 4 3 1 3 4 4 1 4 2 1 4 1 5 4 3 3 5 1 3 3 5 3 1 4 2 4 2 3 3 5 3 5 5 1 1 1 2 1 2 5 4 4 2 3 3 2 1 5 1 5 3 1 3 2 3 5 2 5 1 2 5 5 5 2 5 4 1 3 1 1 5 3 1 3 5 1 3 1 1 3 3 4 2 5 5
5 2 4 2 2 3 2 5 2 1 5 4 5 2 5 2 4 1 1 4 1 4 3 1 4 2 3 1 2 5 1 3 4 2 4 3 1 5 2 3 4 2 1 3 3 4 1 3 2 4 5 4 4 3 4 2 1 3 4 5 4 3 2 4 2 4 1 2 4 4 2 5 3 3 3 1 3 5 5 4 4 1 5 4 4 1 3 1 2 3 2 3 3 1 1 3 4 0 5 4 1 4 1 3 4 4 4 2 4 4 4 4 3 3 2 5 1 2 2 1 5 1 1 5 1 1 4 2 2 2 5 1 3 4 1 5 1 5 5 3 4 2 3 3 1 1 4 4 5 4 3 3 2 4 1 4 3 4 1 5 1 3 4 5 1 1 5 4 1 3 5 5 2 1 2 3 1 4 2 4 3 4 4 1 3 5 5 5 3 5 3 4 2 4 4 2 3 1 5 3
4 5 5 5 5 5 1 5 5 2 3 4 4 4 5 2 2 1 1 4 4 3 2 5 4 3 5 4 4 4 2 2 2 4 2 5 2 1 3 2 3 2 4 5 3 5 3 1 2 3 3 3 3 3 1 1 5 4 3 3 1 2 1 2 2 4 1 4 2 3 1 5 5 5 2 3 4 1 2 2 5 1 3 2 1 4 4 4 1 2 4 5 4 2 1 3 4 5 0 2 3 4 5 3 2 4 3 2 5 4 4 3 2 2 3 4 3 4 2 1 1 3 2 4 1 2 1 5 2 5 3 1 2 5 2 1 5 4 4 1 4 3 1 4 4 1 2 5 5 1 1 1 4 2 3 4 1 2 4 1 2 2 1 2 1 5 5 2 5 4 4 3 5 4 1 5 3 5 5 5 5 4 5 5 5 5 5 2 3 1 2 1 3 5 2 1 3 1 3 4
5 3 3 2 2 2 5 4 3 3 3 4 3 5 2 5 4 3 2 1 5 1 1 3 1 2 1 1 2 3 4 3 1 4 4 2 5 1 1 5 2 3 1 1 4 4 3 2 5 4 1 2 2 2 4 4 2 3 5 5 1 4 2 5 3 1 4 1 3 1 2 2 5 5 2 5 2 4 4 4 4 1 4 4 2 2 4 3 2 4 1 4 1 3 1 4 4 4 2 0 4 4 3 2 5 5 1 5 3 3 2 1 1 2 3 5 5 5 3 1 5 4 2 3 1 1 5 4 1 2 2 3 4 3 3 2 2 3 5 5 1 2 3 3 4 1 4 4 3 5 1 2 4 1 4 3 4 5 5 4 3 2 2 1 3 4 4 4 1 5 2 5 2 1 2 2 5 5 3 2 2 4 1 4 1 5 1 2 4 1 3 2 3 1 1 5 3 2 4 1
3 3 1 2 3 4 5 3 3 2 5 4 5 5 4 5 4 2 3 4 1 1 1 1 5 4 1 3 1 3 2 2 4 3 3 1 2 1 1 3 5 2 4 1 2 4 2 1 5 4 4 5 4 2 4 4 1 2 4 2 2 4 5 3 1 5 5 1 2 1 2 1 5 3 3 1 5 3 2 3 4 4 1 3 4 4 2 3 1 4 4 5 1 5 5 3 4 1 3 4 0 3 1 3 1 3 1 5 4 2 4 2 2 5 3 4 2 5 2 2 2 5 1 2 3 4 4 3 1 1 4 1 5 1 4 1 2 2 2 1 3 3 2 3 1 2 3 3 5 1 1 5 2 4 2 3 3 5 5 2 4 1 4 3 4 2 5 1 5 4 1 4 3 5 4 4 2 3 1 2 3 5 4 5 4 1 1 4 4 3 5 2 2 4 5 3 2 1 2 1
4 4 3 5 2 3 3 1 1 1 2 1 2 3 1 5 3 3 1 2 4 1 5 4 2 3 5 2 2 3 5 1 4 4 5 4 2 3 5 2 4 5 5 4 2 1 2 2 3 5 1 5 3 3 3 1 3 1 5 1 2 5 2 3 2 4 2 3 3 4 3 2 2 2 2 5 1 1 1 2 1 3 4 3 1 5 3 1 1 3 2 4 4 1 2 2 5 4 4 4 3 0 2 4 2 1 4 1 3 1 5 3 3 5 2 3 4 2 1 1 2 4 5 3 5 2 5 4 5 1 5 5 3 1 2 3 1 2 4 2 5 2 5 3 2 1 4 4 4 5 5 3 2 4 3 4 1 3 3 3 5 1 1 3 3 4 5 2 4 3 1 1 1 5 3 4 4 5 1 5 1 4 2 3 1 5 5 5 3 5 4 1 2 3 4 4 3 2 4 3
3 3 4 4 1 4 3 3 5 3 4 1 2 2 3 1 5 4 4 5 3 4 1 3 3 1 2 3 4 3 2 2 5 3 2 5 4 4 1 3 3 1 1 5 4 5 4 3 3 2 2 5 1 5 4 4 4 3 3 4 4 2 1 2 3 1 4 4 4 1 3 1 1 1 4 2 1 1 5 3 4 5 5 1 2 4 5 1 1 3 3 1 3 2 4 3 2 1 5 3 1 2 0 1 5 4 5 3 2 3 2 3 2 1 1 2 5 5 5 5 5 4 4 5 3 3 4 2 3 5 1 4 2 2 4 2 3 1 2 4 1 4 3 1 5 4 2 4 2 4 3 1 1 3 3 4 1 3 1 1 2 3 2 1 2 3 1 5 1 1 1 3 2 1 1 2 3 3 3 1 1 1 4 5 4 3 1 2 2 3 2 5 2 4 5 1 4 2 2 1
1 4 2 1 2 4 3 3 4 5 2 2 5 3 2 2 2 3 1 2 1 4 3 3 4 2 4 1 4 4 5 5 1 5 4 2 5 5 3 3 5 4 1 3 4 1 3 2 5 2 2 5 5 1 1 3 4 4 3 2 5 1 4 4 1 5 5 1 2 3 2 2 3 1 1 1 3 5 3 4 4 4 2 1 2 4 4 4 2 1 5 5 2 3 5 1 1 3 3 2 3 4 1 0 3 1 2 2 5 4 5 4 5 4 2 5 4 5 4 5 4 5 4 1 3 5 1 4 4 1 4 1 5 4 5 1 3 4 1 1 5 4 4 2 2 2 3 4 4 4 4 4 4 2 1 5 4 4 4 4 4 4 3 1 1 3 4 4 2 1 3 3 1 1 5 3 3 1 2 2 4 2 5 3 1 3 3 3 5 2 4 4 5 4 1 2 3 1 3 2
3 3 5 2 1 1 1 1 5 2 2 3 5 1 5 3 5 1 3 1 3 2 5 4 2 4 1 1 2 2 5 3 5 4 5 5 1 5 4 2 2 2 1 2 2 4 4 3 2 5 3 1 4 3 1 4 5 5 4 5 1 5 5 5 4 5 3 3 4 4 3 4 5 2 3 1 2 5 3 5 1 5 1 4 2 4 4 4 2 2 1 5 4 3 4 3 3 4 2 5 1 2 5 3 0 3 5 5 5 1 3 1 5 4 4 1 4 1 5 2 3 2 1 4 4 2 2 1 2 1 2 4 2 2 1 4 3 1 5 2 2 2 4 2 4 4 3 5 2 2 4 2 4 4 1 4 3 2 1 4 5 5 2 4 2 5 1 4 5 1 3 1 2 3 3 4 4 1 1 2 2 5 2 5 2 2 5 5 1 4 3 5 3 5 2 4 1 2 3 1
4 5 3 5 3 3 2 2 3 3 4 3 4 3 1 5 5 2 5 5 4 3 2 4 1 4 5 2 2 3 4 4 1 2 1 5 1 2 1 3 2 4 3 4 1 5 5 5 1 1 5 5 3 4 2 2 1 5 3 5 5 2 1 2 5 5 4 1 3 5 1 5 2 5 4 5 5 1 5 2 1 5 3 4 5 1 5 4 5 4 3 5 2 2 3 3 5 4 4 5 3 1 4 1 3 0 2 4 2 2 4 1 1 5 2 2 2 4 2 1 4 4 5 1 3 3 3 2 5 1 2 2 5 4 5 2 2 1 1 2 2 3 4 2 1 4 1 1 1 5 3 4 1 2 5 4 3 1 4 1 5 1 5 3 3 1 3 1 4 3 5 4 5 1 4 4 5 5 3 2 2 1 4 1 4 5 1 4 3 3 1 2 2 3 4 3 3 2 4 2
1 1 3 4 1 2 4 5 4 2 3 2 1 2 4 5 2 1 1 5 2 1 4 3 2 1 5 4 4 1 3 2 4 2 4 2 5 3 4 2 4 5 2 5 5 3 2 3 3 1 2 2 2 5 4 1 5 3 1 4 3 2 4 1 3 3 4 4 3 5 1 5 1 4 4 3 4 5 5 1 5 5 4 2 5 5 1 5 4 5 3 5 5 5 4 4 5 4 3 1 1 4 5 2 5 2 0 4 5 3 3 3 5 2 5 5 5 2 1 5 3 3 2 5 5 1 2 5 1 2 4 2 4 4 1 5 2 4 4 5 5 3 3 1 2 1 4 3 3 3 1 4 1 1 4 2 2 1 4 5 3 1 3 1 3 1 3 4 1 5 1 5 1 4 4 3 1 4 5 1 1 2 3 4 2 3 5 1 5 2 3 5 2 1 2 4 3 3 2 2
1 4 1 1 3 4 5 3 3 4 5 4 4 3 1 5 1 4 4 5 4 4 4 2 4 3 1 2 2 5 5 2 1 2 5 4 5 4 3 4 1 5 2 3 2 2 4 2 4 5 5 4 1 4 3 4 1 4 1 2 1 1 1 2 3 4 3 4 2 3 4 2 2 5 2 3 4 5 3 3 3 2 4 4 4 5 3 2 3 5 1 2 4 5 3 3 2 2 2 5 5 1 3 2 5 4 4 0 2 1 4 3 2 4 2 3 3 1 3 5 2 4 3 1 2 2 4 3 5 3 4 2 5 1 3 1 2 1 2 4 1 2 5 2 1 4 1 5 4 1 2 2 4 1 2 3 1 5 3 2 2 3 4 4 5 5 5 3 5 2 3 3 5 2 1 5 2 3 3 5 2 3 2 2 4 5 1 3 5 3 5 1 2 3 1 2 4 1 1 4
3 5 4 4 3 4 1 4 3 5 3 4 4 5 1 3 2 3 1 2 5 4 3 5 3 3 1 4 1 1 2 3 4 1 5 3 3 1 3 2 1 5 1 3 3 5 2 5 3 4 3 1 2 1 4 5 4 2 5 4 5 4 4 5 2 2 2 2 3 5 3 1 4 4 1 4 4 2 1 4 4 1 3 5 2 2 2 5 4 1 3 1 3 2 2 1 2 4 5 3 4 3 2 5 5 2 5 2 0 5 2 3 2 5 5 1 1 5 1 4 1 2 3 3 2 1 4 4 4 5 3 1 5 1 4 4 2 4 3 1 4 5 2 1 4 1 5 5 3 5 1 2 1 3 3 3 2 4 4 3 2 3 5 4 5 5 2 3 2 2 2 4 2 3 5 1 4 4 1 2 2 1 5 3 4 1 2 1 1 4 3 5 1 5 3 5 2 3 4 4
3 5 5 2 2 3 4 2 2 4 4 2 5 3 1 4 5 2 5 2 4 3 1 2 4 3 1 3 3 4 4 1 2 3 2 2 4 3 1 2 5 3 4 4 5 1 3 3 1 3 3 3 1 1 3 2 4 3 3 1 1 2 3 2 5 3 3 2 5 3 4 5 3 3 2 1 3 4 1 4 4 2 2 2 4 5 4 4 1 2 1 4 1 4 3 1 1 4 4 3 2 1 3 4 1 2 3 1 5 0 5 1 5 2 1 5 2 5 5 4 2 1 5 3 5 4 1 5 1 2 3 1 1 4 1 4 3 4 2 2 2 4 5 4 1 5 3 1 3 4 4 1 4 1 1 4 3 3 2 2 5 2 1 3 4 2 3 4 1 2 5 4 2 3 5 4 5 3 5 4 1 1 3 5 5 1 4 4 1 3 1 3 4 4 5 2 4 1 3 3
3 4 2 2 4 3 5 1 5 5 5 1 3 2 3 2 4 3 1 3 3 2 3 5 2 2 5 1 4 5 3 3 1 3 5 2 1 2 3 2 1 5 4 1 1 3 5 1 1 3 5 3 1 2 1 5 2 4 3 2 1 2 5 4 1 4 4 5 3 1 2 5 2 3 2 5 4 1 2 4 2 2 4 2 3 5 4 3 5 1 5 5 5 1 5 1 3 4 4 2 4 5 2 5 3 4 3 4 2 5 0 1 2 1 1 3 5 2 4 2 5 2 4 4 2 3 4 5 1 1 1 2 2 2 4 5 5 5 2 4 3 3 1 2 3 1 1 2 1 2 5 4 5 3 4 5 4 1 1 3 5 2 4 3 5 5 4 1 1 1 5 2 4 2 4 3 5 3 4 5 2 2 5 1 5 4 2 5 1 5 3 1 5 4 1 1 1 4 2 1
4 5 5 1 5 3 4 3 4 4 4 5 3 3 1 4 4 2 5 5 5 2 5 3 3 2 2 1 1 5 2 4 2 4 3 5 1 5 3 3 3 4 3 5 5 2 3 4 3 1 1 5 1 2 1 5 4 4 5 5 4 5 4 4 5 4 2 5 2 4 4 5 3 1 3 4 1 4 1 4 3 1 3 1 4 1 3 4 2 3 4 5 2 2 1 2 5 4 3 1 2 3 3 4 1 1 3 3 3 1 1 0 3 3 4 1 4 3 4 1 3 3 1 1 3 4 2 3 2 5 3 5 4 5 2 5 5 2 1 5 4 4 4 2 2 5 4 4 2 4 4 1 4 5 2 2 4 3 3 2 2 3 3 2 4 1 5 1 5 1 5 2 3 3 4 5 1 4 2 2 5 3 4 4 5 1 2 2 5 2 2 3 3 3 2 4 5 3 4 3
5 3 3 3 4 3 2 3 5 3 4 2 2 1 1 5 1 2 1 3 2 4 5 4 4 1 4 3 3 3 1 1 5 1 5 3 5 2 5 3 5 2 1 1 2 1 2 3 1 4 3 2 5 1 3 4 3 5 4 3 1 1 2 2 3 3 3 2 2 5 1 5 2 2 3 1 3 5 1 1 4 4 5 1 2 4 1 3 3 4 5 2 5 4 3 5 3 3 2 1 2 3 2 5 5 1 5 2 2 5 2 3 0 4 5 1 4 5 5 3 3 2 4 1 2 3 4 2 4 3 5 3 5 3 4 3 4 1 4 1 3 1 3 3 5 4 1 3 3 2 3 1 4 1 2 3 2 4 3 3 5 2 4 3 2 5 3 5 5 3 4 4 3 2 5 2 5 5 5 2 3 1 3 5 2 5 4 5 2 4 4 4 2 2 3 2 4 5 4 5
1 3 1 1 5 5 5 1 3 3 2 3 2 4 1 5 4 1 5 5 1 3 3 4 4 5 2 5 1 3 3 1 1 5 4 3 1 3 2 4 2 3 3 5 5 2 3 5 1 4 4 2 4 4 4 3 3 4 5 2 5 2 4 4 1 1 3 3 1 3 4 3 5 5 5 2 4 4 4 5 4 2 5 4 3 3 2 4 2 3 3 3 2 2 1 5 4 3 2 2 5 5 1 4 4 5 2 4 5 2 1 3 4 0 3 2 3 5 2 2 1 5 5 3 3 3 3 2 4 3 1 4 1 4 3 5 5 2 2 5 1 5 4 5 5 5 1 1 3 4 5 5 1 4 5 5 1 1 2 3 1 5 1 4 1 5 3 5 4 5 3 3 2 4 2 5 1 2 3 1 4 2 4 1 4 5 3 1 1 5 4 5 3 2 3 1 1 2 4 4
5 5 3 1 4 1 3 3 5 3 1 4 4 1 2 2 2 3 5 4 4 5 1 3 4 5 3 3 5 4 1 4 1 1 4 4 4 3 2 1 1 3 4 2 5 3 4 1 2 5 4 5 1 2 1 1 3 2 5 3 4 1 4 1 1 4 5 5 1 4 4 5 3 4 1 5 5 5 3 5 2 2 3 2 3 3 1 2 3 3 3 3 3 4 2 2 3 2 3 3 3 2 1 2 4 2 5 2 5 1 1 4 5 3 0 1 2 2 2 4 2 5 2 4 3 3 3 4 1 4 1 5 5 2 4 1 4 4 3 2 4 2 1 5 5 3 3 4 2 3 5 2 3 3 3 5 3 1 4 2 3 2 4 5 1 5 2 4 1 3 5 4 2 5 4 4 2 3 4 5 5 5 3 1 4 4 5 1 4 5 3 4 2 2 1 1 1 1 1 5
2 3 3 3 1 1 4 1 2 2 3 4 4 2 1 4 2 1 4 3 4 3 3 3 3 3 3 5 2 2 1 1 3 1 4 2 1 1 3 1 1 1 2 3 3 3 1 5 4 3 1 1 2 4 1 2 3 5 4 5 2 2 5 4 3 1 3 2 1 4 2 3 3 1 1 4 3 3 3 1 3 3 5 5 3 3 1 1 1 4 3 4 5 5 4 1 4 5 4 5 4 3 2 5 1 2 5 3 1 5 3 1 1 2 1 0 5 1 3 4 5 5 3 3 3 2 5 3 1 2 1 5 4 2 5 5 1 4 4 1 1 3 3 4 2 3 3 4 5 3 3 3 3 2 2 4 2 5 3 4 3 2 4 1 4 3 4 1 2 5 1 4 5 4 4 1 4 4 1 4 4 2 4 2 3 1 3 1 3 5 5 3 1 5 4 1 2 3 4 3
5 2 2 2 4 1 2 1 4 1 4 4 1 4 5 2 5 5 2 1 5 4 4 4 1 5 1 3 3 3 1 5 1 4 4 3 1 1 5 2 1 4 2 1 2 3 4 3 3 5 4 4 5 5 1 5 5 4 5 2 4 5 2 2 5 5 4 4 1 2 5 3 3 1 4 2 1 4 2 2 2 4 1 5 5 3 3 4 3 2 1 2 3 4 3 5 3 1 3 5 2 4 5 4 4 2 5 3 1 2 5 4 4 3 2 5 0 4 2 1 1 3 2 4 2 5 3 5 3 5 5 2 3 4 5 4 4 1 2 1 4 3 1 4 5 4 3 3 1 1 3 1 2 1 1 2 1 2 5 3 3 1 4 2 2 4 1 1 5 5 2 1 2 2 3 5 4 5 1 4 4 1 3 1 2 5 4 5 2 5 1 4 3 5 5 2 4 1 3 4
2 1 2 5 1 4 4 5 1 2 4 5 4 3 2 3 1 5 5 4 4 5 3 5 5 5 2 2 2 1 2 1 5 1 1 1 1 5 4 4 2 5 4 3 1 2 3 3 4 2 5 5 4 5 5 3 1 1 3 2 5 2 5 1 1 4 1 4 1 5 1 1 2 5 5 3 2 2 3 5 5 3 3 4 5 2 2 3 1 3 3 5 1 4 3 2 1 2 4 5 5 2 5 5 1 4 2 1 5 5 2 3 5 5 2 1 4 0 2 1 2 3 2 2 1 2 2 1 2 5 5 1 3 1 1 4 3 4 2 2 4 3 5 5 4 4 3 5 3 3 5 5 4 4 4 2 3 3 4 3 3 5 5 3 4 2 2 3 4 3 3 4 5 1 5 3 2 2 4 1 3 1 2 1 2 2 3 2 5 2 2 3 3 3 1 5 1 1 3 3
5 2 1 1 5 1 3 2 1 3 4 2 3 1 1 3 3 4 5 3 2 1 5 4 2 4 4 5 5 2 2 2 3 5 3 4 3 4 1 1 2 2 4 2 4 3 4 3 2 4 1 3 2 5 2 3 3 2 1 3 4 4 2 5 2 1 5 3 3 4 2 5 1 4 4 5 2 3 4 4 4 1 1 2 4 4 5 3 5 5 5 1 2 1 4 5 3 2 2 3 2 1 5 4 5 2 1 3 1 5 4 4 5 2 2 3 2 2 0 2 2 5 3 3 3 2 3 2 5 5 2 2 3 5 5 4 3 3 5 5 3 3 3 5 5 5 3 4 5 2 3 5 3 2 5 5 1 1 4 2 2 5 5 3 3 3 2 3 1 1 2 5 3 1 2 2 3 1 4 3 4 3 2 2 3 5 2 2 4 3 4 1 4 3 1 4 2 1 2 3
2 4 1 4 4 2 3 3 3 4 2 4 4 4 4 2 3 5 1 3 1 3 2 4 5 1 3 5 1 3 1 5 4 4 1 5 2 4 2 2 3 2 4 2 5 5 2 5 5 5 2 3 3 1 1 2 4 4 3 1 1 4 1 3 5 3 3 2 5 1 3 2 3 3 4 2 5 3 5 2 2 5 1 5 3 1 1 1 2 1 4 2 1 3 2 4 4 1 1 1 2 1 5 5 2 1 5 5 4 4 2 1 3 2 4 4 1 1 2 0 2 1 1 1 4 5 3 1 2 1 3 2 5 3 4 1 4 4 3 2 4 3 4 2 4 3 3 4 5 4 4 2 5 1 2 1 1 1 4 4 5 1 4 5 3 3 5 2 5 4 3 2 5 1 3 2 4 1 4 2 4 5 5 4 1 5 2 3 1 2 1 5 5 3 3 3 3 4 5 5
1 5 4 1 3 2 3 3 3 4 5 5 5 5 4 5 5 5 3 1 5 1 4 2 5 3 1 2 4 3 4 3 5 3 3 4 1 4 4 4 5 2 2 4 1 5 2 1 1 4 4 2 2 2 3 4 4 3 4 1 4 5 2 2 2 5 1 5 3 4 5 4 3 1 2 4 3 3 5 3 5 1 4 3 1 4 4 3 1 2 3 1 5 4 5 1 4 5 1 5 2 2 5 4 3 4 3 2 1 2 5 3 3 1 2 5 1 2 2 2 0 1 5 4 5 3 3 1 4 2 5 1 4 3 2 4 1 3 3 3 3 3 2 3 3 2 1 1 3 5 4 1 4 3 2 1 4 3 1 2 2 3 2 1 1 3 4 3 4 5 2 5 3 3 5 2 2 4 1 1 2 4 4 3 2 4 2 5 2 5 2 1 4 1 5 1 2 2 2 4
4 2 4 5 1 2 4 4 2 1 3 5 3 2 4 1 1 5 3 2 2 5 3 5 5 2 1 3 5 2 5 3 5 5 1 5 2 3 4 2 1 4 1 4 2 4 2 5 1 2 4 3 2 1 1 4 1 3 2 3 2 5 1 1 2 5 1 5 2 5 1 2 3 2 2 1 4 4 3 2 5 5 1 1 4 2 3 3 3 2 5 3 2 2 4 5 1 1 3 4 5 4 4 5 2 4 3 4 2 1 2 3 2 5 5 5 3 3 5 1 1 0 4 2 4 2 3 4 5 4 3 4 4 1 3 2 5 3 3 3 5 1 4 3 3 4 4 4 5 4 2 4 5 3 4 5 4 2 2 4 2 5 5 2 3 2 4 2 2 2 1 1 1 5 2 1 5 4 1 4 1 5 5 4 1 3 4 3 3 3 4 2 5 1 1 5 5 1 2 2
2 3 4 1 5 1 4 3 2 3 4 1 4 4 5 2 3 1 1 1 1 5 1 4 5 3 5 4 3 1 4 2 1 2 1 2 1 2 2 5 1 2 3 4 3 4 1 4 1 1 4 1 3 2 2 2 2 2 5 4 5 5 4 4 2 4 4 1 2 1 3 1 1 5 1 5 4 3 5 4 2 5 1 5 5 2 2 3 2 2 1 3 2 2 3 5 4 1 2 2 1 5 4 4 1 5 2 3 3 5 4 1 4 5 2 3 2 2 3 1 5 4 0 2 2 1 5 5 3 1 4 2 5 2 2 3 1 3 5 3 2 1 4 3 4 4 1 3 5 1 4 4 1 5 2 1 5 5 3 1 4 2 1 1 2 1 1 3 3 2 4 1 5 1 3 4 3 4 1 1 3 5 2 2 2 1 3 4 5 5 5 2 4 2 5 5 3 1 3 3
3 2 3 5 1 4 5 2 1 3 2 2 3 5 4 5 1 3 3 1 1 2 3 5 3 3 2 5 2 2 2 3 1 2 2 5 5 5 5 4 2 2 2 3 1 3 2 3 2 2 2 2 1 3 4 4 2 1 2 5 1 1 5 4 2 2 3 2 2 4 4 4 5 4 5 3 5 5 5 3 1 2 2 5 2 1 5 2 2 5 2 4 4 2 1 4 2 5 4 3 2 3 5 1 4 1 5 1 3 3 4 1 1 3 4 3 4 2 3 1 4 2 2 0 4 2 5 3 3 2 2 2 4 3 3 5 2 2 3 5 2 1 5 5 3 5 1 3 5 2 4 3 3 1 1 1 1 4 4 4 4 2 2 3 4 3 3 3 1 1 4 1 5 1 3 5 2 3 3 3 1 4 4 2 1 2 5 3 2 5 3 5 3 5 2 1 1 4 2 2
4 3 4 4 2 1 5 3 3 5 2 5 1 1 1 5 3 3 4 1 3 4 1 1 2 5 2 5 2 2 4 1 5 5 1 2 1 4 1 5 1 2 4 2 1 4 4 5 1 4 2 5 2 1 5 3 2 1 3 4 4 2 4 2 5 5 1 3 1 4 2 5 2 4 5 3 1 3 1 2 1 2 5 1 5 1 1 1 3 1 2 2 5 5 1 3 1 1 1 1 3 5 3 3 4 3 5 2 2 5 2 3 2 3 3 3 2 1 3 4 5 4 2 4 0 1 2 4 3 2 1 5 2 4 4 3 5 1 1 2 3 5 2 5 4 5 5 5 5 1 5 4 3 5 5 4 4 5 4 2 3 5 5 5 4 1 4 3 5 1 1 3 3 1 5 2 4 1 3 5 2 2 2 1 4 1 3 5 2 4 1 5 5 3 2 2 3 5 1 5
4 2 3 3 4 3 3 2 3 5 1 1 1 3 1 4 4 3 1 4 4 4 2 5 2 1 1 3 5 3 5 1 5 3 3 3 2 1 2 2 1 1 4 4 4 2 4 3 1 1 4 4 2 3 2 4 5 5 2 1 4 4 5 5 1 2 4 5 4 5 3 5 5 1 4 5 2 3 1 5 2 5 1 2 1 5 1 5 5 5 1 5 4 1 1 1 4 1 2 1 4 2 3 5 2 3 1 2 1 4 3 4 3 3 3 2 5 2 2 5 3 2 1 2 1 0 3 5 4 1 3 4 4 1 1 3 2 4 4 2 2 2 1 5 4 4 5 1 5 2 4 2 4 5 1 4 5 5 3 5 2 5 4 5 2 3 1 3 5 3 2 4 2 1 3 4 3 3 1 4 2 5 4 1 2 3 4 4 2 3 3 5 3 3 5 1 4 5 1 2
3 4 2 2 3 5 2 5 5 2 5 1 1 4 1 5 3 4 3 1 1 5 1 1 1 4 1 3 2 5 5 4 3 4 2 5 3 3 2 5 2 4 4 3 3 1 5 1 3 2 2 4 2 2 5 3 2 1 1 5 1 4 1 4 3 2 1 1 5 4 5 4 4 3 2 1 5 5 4 3 2 4 2 2 4 5 3 3 4 3 4 3 4 4 2 4 1 4 1 5 4 5 4 1 2 3 2 4 4 1 4 2 4 3 3 5 3 2 3 3 3 3 5 5 2 3 0 1 2 5 5 1 1 2 2 3 2 2 3 3 1 1 5 4 4 3 3 2 4 1 2 4 5 2 2 2 5 2 4 5 4 3 4 3 5 2 2 4 5 2 5 5 5 2 5 3 3 5 3 2 5 3 4 3 2 4 2 3 1 3 1 2 2 4 1 1 5 2 2 5
3 4 5 5 4 4 3 4 4 1 4 4 3 3 5 4 2 1 5 3 3 4 4 2 1 4 1 2 2 3 3 3 3 1 2 1 4 5 4 5 2 2 4 4 2 1 4 1 5 4 3 1 5 4 4 3 4 5 2 4 2 2 1 3 2 3 1 3 4 1 5 5 4 4 2 4 1 3 5 5 5 3 1 1 4 2 1 1 5 1 4 4 1 2 3 3 5 2 5 4 3 4 2 4 1 2 5 3 4 5 5 3 2 2 4 3 5 1 2 1 1 4 5 3 4 5 1 0 3 4 1 3 3 3 3 1 4 5 5 4 2 2 3 2 4 1 3 4 5 5 3 3 3 5 2 2 2 4 5 1 3 4 1 5 4 2 5 4 4 2 2 5 3 2 1 1 5 2 2 1 3 5 1 1 2 1 2 2 2 4 4 2 2 5 3 5 2 5 2 1
2 1 2 5 2 5 1 4 2 1 5 2 1 4 2 4 4 2 3 5 2 1 4 3 1 3 4 4 1 3 5 5 1 2 3 4 1 3 5 3 2 3 2 3 1 2 1 4 5 3 5 5 2 3 2 3 3 4 2 2 5 4 1 3 2 4 1 3 2 3 4 2 2 1 3 2 2 1 1 5 3 5 4 5 1 2 1 5 5 2 3 5 1 5 1 1 4 2 2 1 1 5 3 4 2 5 1 5 4 1 1 2 4 4 1 1 3 2 5 2 4 5 3 3 3 4 2 3 0 3 1 2 5 5 4 1 3 1 3 5 5 3 5 3 5 3 5 1 3 1 3 1 4 3 5 5 5 3 1 5 4 4 5 4 1 2 1 4 1 4 5 5 1 2 4 2 1 5 1 5 1 1 2 5 2 1 1 4 4 1 4 1 2 5 2 3 5 4 4 3
3 5 3 4 3 5 5 4 3 3 1 2 2 3 1 2 1 5 3 3 1 4 2 2 1 3 3 1 5 5 5 1 5 5 4 3 5 3 3 1 2 5 4 4 2 4 2 2 1 4 2 5 1 1 3 2 2 3 4 5 3 5 1 3 1 2 1 5 5 3 2 3 3 3 3 4 3 4 5 3 5 3 4 2 2 2 1 3 1 2 3 2 4 2 2 3 3 2 5 2 1 1 5 1 1 1 2 3 5 2 1 5 3 3 4 2 5 5 5 1 2 4 1 2 2 1 5 4 3 0 3 3 3 2 5 3 4 3 1 1 1 4 4 2 3 3 4 4 5 3 5 3 2 1 2 3 2 4 3 3 3 4 3 5 2 2 5 3 3 2 4 5 1 4 4 2 1 5 3 1 3 5 1 4 1 3 2 4 1 3 5 2 5 3 2 2 4 4 3 5
4 5 1 1 1 1 5 3 4 2 4 4 4 4 2 1 3 3 5 4 1 2 1 3 4 1 5 5 4 3 4 5 5 3 1 2 5 3 1 3 4 3 1 3 5 1 3 2 2 4 3 1 2 1 1 2 2 2 2 3 3 3 1 4 1 2 5 3 4 4 3 5 2 4 2 5 1 5 3 4 5 4 3 1 5 3 3 4 4 5 5 2 5 5 2 3 3 5 3 2 4 5 1 4 2 2 4 4 3 3 1 3 5 1 1 1 5 5 2 3 5 3 4 2 1 3 5 1 1 3 0 3 4 2 5 5 2 5 5 4 4 3 4 1 5 2 5 3 4 2 1 2 2 1 4 1 5 4 4 2 3 1 4 5 5 4 2 3 1 5 2 5 3 3 2 5 2 4 3 2 2 1 3 3 3 1 5 5 3 3 5 3 2 3 4 2 2 2 3 5
3 2 1 1 1 4 2 3 1 2 3 3 2 5 3 2 5 3 4 4 3 5 4 5 5 3 3 4 1 3 2 4 1 3 3 1 3 2 5 1 3 3 2 4 5 5 3 1 1 3 1 3 5 3 2 4 1 2 4 5 2 4 4 3 3 4 5 4 5 2 2 1 4 3 3 4 5 4 4 1 2 5 4 1 5 4 1 1 4 5 5 5 2 3 4 2 5 1 1 3 1 5 4 1 4 2 2 2 1 1 2 5 3 4 5 5 2 1 2 2 1 4 2 2 5 4 1 3 2 3 3 0 2 2 1 4 3 4 2 2 5 1 1 2 3 1 1 5 3 5 5 2 5 4 5 5 4 1 3 2 4 5 1 4 4 4 1 2 1 5 3 1 3 3 1 5 4 3 5 5 2 3 2 2 4 1 4 2 2 1 4 1 3 4 1 5 3 4 1 5
1 5 3 3 2 5 1 3 5 2 2 1 4 1 4 5 5 1 3 4 4 4 5 1 5 5 5 3 5 4 2 4 2 4 5 3 5 4 3 5 4 5 2 4 4 5 1 3 2 2 4 2 4 4 5 3 2 4 2 4 4 2 5 3 3 1 3 5 3 4 3 5 5 2 1 1 5 2 1 5 4 3 1 2 5 1 2 4 5 5 4 2 3 2 1 1 1 3 2 4 5 3 2 5 2 5 4 5 5 1 2 4 5 1 5 4 3 3 3 5 4 4 5 4 2 4 1 3 5 3 4 2 0 5 1 2 1 3 2 5 2 5 1 2 5 1 2 1 1 3 5 3 1 5 3 4 2 4 2 5 3 3 3 3 1 1 1 1 2 2 3 3 1 4 3 5 3 5 4 1 2 3 1 1 2 4 1 2 1 5 1 1 4 3 2 5 5 2 3 5
4 5 2 5 2 1 1 2 3 3 4 5 3 3 3 1 5 2 5 2 2 3 2 2 1 1 5 3 2 2 5 1 2 4 2 4 3 5 1 1 2 4 2 4 1 2 2 5 3 4 5 1 2 5 4 3 3 1 1 1 2 5 1 3 5 1 3 5 5 1 2 5 5 3 4 3 1 3 3 1 2 1 2 5 4 4 4 2 3 5 2 3 2 3 5 1 3 4 5 3 1 1 2 4 2 4 4 1 1 4 2 5 3 4 2 2 4 1 5 3 3 1 2 3 4 1 2 3 5 2 2 2 5 0 1 2 3 2 1 4 2 5 2 3 2 3 2 2 5 3 3 4 3 4 4 5 3 4 4 5 3 2 4 2 1 3 2 3 3 1 2 5 1 5 5 4 1 5 5 3 3 5 2 1 3 4 5 1 4 2 2 3 4 3 3 3 1 2 2 3
2 5 3 1 5 4 3 1 3 3 3 5 1 1 5 4 1 5 5 1 4 2 5 3 3 4 1 2 5 3 4 2 5 4 4 5 1 4 3 4 4 3 3 5 1 3 4 4 1 3 1 5 3 1 5 2 5 5 5 3 2 2 2 4 5 1 3 2 5 3 1 3 1 3 4 3 4 2 1 5 5 1 3 5 2 3 3 3 4 4 5 2 1 1 1 2 3 1 2 3 4 2 4 5 1 5 1 3 4 1 4 2 4 3 4 5 5 1 5 4 2 3 2 3 4 1 2 3 4 5 5 1 1 1 0 3 1 2 3 3 2 5 4 4 5 4 5 2 4 5 1 5 2 4 3 5 2 3 2 2 1 1 2 2 2 4 4 1 1 5 5 5 3 5 3 5 4 3 4 3 5 1 2 1 2 1 1 4 2 3 2 4 4 4 5 2 4 1 3 5
5 5 2 4 3 1 1 2 5 2 5 5 4 5 1 4 4 1 1 5 4 5 5 4 3 2 3 4 3 2 1 2 2 3 5 5 3 4 2 4 3 2 2 1 5 1 4 4 2 4 1 4 3 3 2 2 2 1 2 3 5 3 4 2 3 2 3 1 1 5 1 4 3 4 4 2 5 5 4 3 5 5 4 3 1 1 4 5 3 2 5 4 1 4 4 2 5 5 1 2 1 3 2 1 4 2 5 1 4 4 5 5 3 5 1 5 4 4 4 1 4 2 3 5 3 3 3 1 1 3 5 4 2 2 3 0 1 3 3 1 5 4 2 4 1 5 3 4 3 5 4 4 3 1 5 4 1 2 2 4 4 1 5 1 5 2 1 2 2 2 4 4 2 2 4 3 2 5 5 5 2 5 5 1 5 1 3 2 4 4 4 1 1 4 1 1 5 5 1 5
2 5 1 3 1 2 1 3 3 5 5 4 5 1 2 4 2 1 4 5 5 2 1 3 4 2 4 5 5 3 5 5 1 1 2 1 2 2 3 2 1 2 3 4 2 1 4 4 3 4 1 3 5 3 3 2 5 1 2 4 2 5 1 3 3 3 2 4 3 4 3 5 5 5 3 3 4 1 1 3 5 4 4 1 4 5 3 1 4 2 4 1 1 4 4 2 3 1 5 2 2 1 3 3 3 2 2 2 2 3 5 5 4 5 4 1 4 3 3 4 1 5 1 2 5 2 2 4 3 4 2 3 1 3 1 1 0 3 1 1 4 4 5 4 2 4 2 4 3 4 4 3 5 4 1 1 1 5 1 5 3 4 4 1 2 2 4 3 2 5 5 5 2 1 2 1 5 2 2 5 2 3 3 3 2 5 1 2 1 1 3 2 1 2 3 4 5 1 3 4
5 2 1 4 1 1 5 4 3 4 5 5 3 3 3 1 2 5 5 4 1 2 3 1 2 4 4 5 2 3 2 4 3 5 1 4 2 4 2 2 2 5 2 3 4 2 2 2 5 4 3 5 2 2 1 4 3 3 1 2 1 1 1 4 3 4 2 2 4 5 1 5 1 5 1 4 2 5 1 2 1 3 4 5 3 3 1 1 2 1 2 2 4 3 5 1 1 5 4 3 2 2 1 4 1 1 4 1 4 4 5 2 1 2 4 4 1 4 3 4 3 3 3 2 1 4 2 5 1 3 5 4 3 2 2 3 3 0 3 2 5 4 1 2 5 3 2 1 5 5 4 5 5 3 5 3 1 1 4 1 1 3 4 3 2 3 1 4 1 3 2 5 4 2 3 4 1 4 4 1 1 4 1 2 1 1 3 2 2 3 4 1 5 3 5 4 2 4 2 3
4 5 5 1 4 5 5 5 5 4 5 5 5 1 5 1 2 5 4 2 2 2 4 5 5 4 2 2 2 4 2 5 4 3 3 3 2 5 2 4 2 4 5 1 5 5 3 1 1 4 3 3 4 4 3 3 1 4 4 3 4 5 2 2 1 3 2 5 1 4 1 2 2 2 3 1 2 1 5 5 1 2 5 1 3 5 2 5 2 4 3 4 1 4 4 2 4 5 4 5 2 4 2 1 5 1 4 2 3 2 2 1 4 2 3 4 2 2 5 3 3 3 5 3 1 4 3 5 3 1 5 2 2 1 3 3 1 3 0 2 5 3 5 4 1 1 3 4 5 3 2 4 3 2 5 1 3 3 3 5 4 5 3 2 4 5 2 2 5 4 5 5 3 2 1 4 5 3 5 5 5 5 5 5 3 2 1 4 2 4 5 5 2 3 2 1 3 4 5 1
3 5 5 1 4 1 3 3 5 4 5 2 1 5 4 1 3 4 5 2 5 4 5 2 2 3 5 2 2 1 5 4 4 1 2 3 5 3 3 2 2 3 4 1 2 4 5 1 3 3 5 2 4 4 4 4 2 2 5 1 1 2 2 4 3 2 2 5 2 3 2 2 3 3 4 3 2 2 1 1 5 4 4 1 4 5 4 2 2 3 2 2 4 4 4 1 2 3 1 5 1 2 4 1 2 2 5 4 1 2 4 5 1 5 2 1 1 2 5 2 3 3 3 5 2 2 3 4 5 1 4 2 5 4 3 1 1 2 2 0 4 4 1 2 4 5 4 2 5 1 2 3 3 4 1 3 5 4 3 4 1 2 5 2 5 2 4 1 3 3 3 2 5 2 4 4 5 4 3 3 1 5 5 1 2 3 5 1 1 3 5 2 3 2 4 2 2 4 1 3
3 3 2 2 4 4 4 5 1 5 4 5 1 3 2 1 2 2 5 4 3 4 3 4 3 5 1 1 3 5 2 5 2 1 4 5 2 1 1 5 1 5 3 2 1 2 2 5 3 2 3 2 4 3 4 4 3 1 4 2 5 2 3 4 3 3 5 3 5 1 3 4 3 3 4 5 1 2 3 1 4 2 3 1 3 4 3 4 4 5 3 3 5 4 5 4 4 4 4 1 3 5 1 5 2 2 5 1 4 2 3 4 3 1 4 1 4 4 3 4 3 5 2 2 3 2 1 2 5 1 4 5 2 2 2 5 4 5 5 4 0 5 1 2 1 3 5 2 3 4 3 2 3 1 5 2 2 5 4 5 1 2 2 5 2 1 3 5 2 4 2 2 2 4 3 3 3 1 2 2 5 3 2 4 1 4 1 1 2 5 4 5 3 3 4 5 5 1 3 1
3 1 2 4 1 5 4 1 2 5 2 5 5 1 4 4 4 1 5 5 1 1 3 4 3 4 2 5 1 4 5 4 5 3 2 1 5 4 2 3 3 2 4 4 1 2 5 3 5 4 3 1 2 2 4 4 3 3 3 4 4 5 1 1 3 2 2 1 3 3 2 4 2 1 1 5 2 2 3 2 4 2 4 2 4 5 1 3 2 5 3 1 5 4 2 3 2 2 3 2 3 2 4 4 2 3 3 2 5 4 3 4 1 5 2 3 3 3 3 3 3 1 1 1 5 2 1 2 3 4 3 1 5 5 5 4 4 4 3 4 5 0 4 3 2 3 5 1 5 5 1 2 5 1 1 4 1 1 5 3 1 2 5 4 3 3 5 3 4 3 2 2 1 2 1 4 1 1 5 3 2 1 4 1 3 5 4 2 1 2 4 2 1 2 4 5 1 5 1 1
2 2 1 5 1 2 2 4 5 2 3 4 1 5 5 4 2 3 1 2 3 4 4 3 4 1 4 5 1 3 2 3 3 5 5 4 1 1 3 1 4 3 2 5 3 1 3 4 2 4 5 3 5 5 4 3 4 5 2 4 3 2 2 2 1 1 5 4 4 4 3 5 5 2 5 4 3 4 1 3 1 5 3 5 5 5 3 5 5 1 4 3 1 3 2 4 3 3 1 3 2 5 3 4 4 4 3 5 2 5 1 4 3 4 1 3 1 5 3 4 2 4 4 5 2 1 5 3 5 4 4 1 1 2 4 2 5 1 5 1 1 4 0 1 5 4 5 1 5 1 1 4 1 5 5 1 4 4 1 2 1 4 4 4 5 2 2 3 2 5 4 5 2 5 2 2 4 3 3 5 1 2 4 2 4 3 2 4 1 2 3 4 4 5 4 3 4 5 1 4
4 4 5 4 2 5 1 5 5 3 4 5 3 5 2 1 4 4 4 3 5 2 3 5 3 4 5 4 4 5 2 5 1 1 4 4 1 3 5 3 2 2 3 1 2 3 2 2 1 3 1 1 5 3 3 5 3 3 5 2 1 1 1 5 4 4 1 2 2 2 3 3 3 5 5 1 3 2 3 2 3 3 3 2 3 3 5 4 1 3 3 4 1 5 1 3 3 3 4 3 3 3 1 2 2 2 1 2 1 4 2 2 3 5 5 4 4 5 5 2 3 3 3 5 5 5 4 2 3 2 1 2 2 3 4 4 4 2 4 2 2 3 1 0 5 1 5 4 5 2 3 3 1 4 5 2 1 2 3 4 5 2 3 4 2 2 3 4 5 2 4 3 2 1 2 5 1 5 2 1 2 3 3 1 2 1 3 5 3 4 5 4 5 5 4 2 2 2 5 1
5 3 5 3 2 3 2 5 4 2 1 3 3 4 2 3 4 4 3 1 3 3 2 4 4 3 3 1 1 1 3 3 5 4 4 5 5 5 3 2 3 3 4 3 2 3 5 3 4 5 2 1 3 4 2 1 2 2 1 2 3 4 2 1 1 1 1 3 5 1 1 3 3 3 2 5 2 4 5 5 5 2 5 3 4 1 4 5 3 2 3 4 3 3 4 1 5 1 4 4 1 2 5 2 4 1 2 1 4 1 3 2 5 5 5 2 5 4 5 4 3 3 4 3 4 4 4 4 5 3 5 3 5 2 5 1 2 5 1 4 1 2 5 5 0 1 4 4 1 3 5 2 4 5 5 4 3 5 2 4 3 3 4 3 1 4 4 5 1 5 5 5 2 5 4 2 1 5 4 1 3 4 2 3 4 3 1 5 3 2 4 5 4 5 1 1 5 2 2 5
5 1 3 3 5 4 1 5 1 2 3 5 5 1 4 3 4 5 5 4 5 5 4 5 1 4 5 5 3 5 5 2 2 2 1 2 3 5 4 2 1 2 4 5 4 2 2 3 2 2 3 1 1 4 3 1 2 4 3 4 1 2 3 2 4 2 4 3 4 5 5 2 1 2 5 2 2 4 1 2 3 2 3 3 4 1 2 1 2 2 2 3 1 2 2 1 3 1 1 1 2 1 4 2 4 4 1 4 1 5 1 5 4 5 3 3 4 4 5 3 2 4 4 5 5 4 3 1 3 3 2 1 1 3 4 5 4 3 1 5 3 3 4 1 1 0 2 2 5 4 1 2 2 4 2 2 1 1 1 3 1 5 2 1 4 3 1 3 2 2 3 5 2 4 3 2 5 2 1 1 1 5 4 5 2 3 2 5 2 3 3 4 5 4 3 4 3 3 2 2
3 3 3 3 4 5 3 1 1 1 1 5 1 2 1 2 2 5 5 2 3 2 2 5 4 3 5 3 1 2 4 2 2 4 4 1 5 4 1 1 3 4 5 3 3 3 2 5 3 2 5 4 5 1 5 3 1 5 5 5 1 2 4 2 4 4 4 2 3 2 5 2 1 3 3 5 5 4 5 3 3 2 5 1 3 4 4 1 3 1 5 4 4 1 2 4 5 4 2 4 3 4 2 3 3 1 4 1 5 3 1 4 1 1 3 3 3 3 3 3 1 4 1 1 5 5 3 3 5 4 5 1 2 2 5 3 2 2 3 4 5 5 5 5 4 2 0 2 5 1 3 1 3 4 3 1 3 4 1 5 1 5 3 3 4 3 4 2 2 4 5 5 4 5 5 2 5 5 5 1 3 3 2 3 1 5 3 2 3 3 2 1 5 2 3 4 4 1 3 4
2 1 4 1 3 2 3 3 2 4 3 4 2 1 1 4 1 3 5 4 1 5 5 2 5 2 1 2 1 5 5 2 3 2 2 3 2 2 5 5 1 5 2 2 2 1 4 4 2 2 2 5 5 1 1 5 4 2 4 5 1 2 2 4 3 4 2 1 5 5 2 2 4 1 3 4 4 4 3 1 3 1 4 5 2 3 2 2 3 2 4 3 3 4 5 3 5 4 5 4 3 4 4 4 5 1 3 5 5 1 2 4 3 1 4 4 3 5 4 4 1 4 3 3 5 1 2 4 1 4 3 5 1 2 2 4 4 1 4 2 2 1 1 4 4 2 2 0 2 4 2 2 3 2 2 2 1 4 3 3 3 4 4 4 2 1 5 3 2 5 4 5 5 5 5 5 4 1 4 5 2 1 2 5 5 3 1 4 2 3 4 2 4 1 2 1 2 1 2 5
2 5 4 2 2 4 5 3 5 3 5 2 4 5 5 3 5 4 5 1 2 4 2 5 3 1 4 3 5 4 2 2 3 1 2 5 5 3 2 4 1 2 3 1 3 1 2 3 5 3 3 1 2 5 4 3 5 5 5 1 2 5 3 2 1 4 3 3 5 5 2 1 5 3 5 1 3 1 1 5 1 1 2 1 3 3 3 5 5 2 4 4 2 1 3 2 1 5 5 3 5 4 2 4 2 1 3 4 3 3 1 2 3 3 2 5 1 3 5 5 3 5 5 5 5 5 4 5 3 5 4 3 1 5 4 3 3 5 5 5 3 5 5 5 1 5 5 2 0 4 1 4 5 2 5 1 5 4 2 2 4 1 3 1 3 4 4 1 2 3 5 5 5 4 1 2 2 4 4 4 5 4 1 5 1 5 4 1 5 3 5 2 2 4 3 5 2 4 5 2
4 3 3 4 3 1 5 4 4 2 5 1 3 5 2 3 5 2 2 1 3 2 1 4 3 4 5 4 2 1 4 4 5 1 2 2 1 1 4 5 5 2 3 5 1 1 5 2 1 2 5 2 5 3 1 2 3 2 2 3 5 1 4 1 1 3 1 1 4 2 3 2 4 2 4 2 2 1 3 1 3 1 2 3 3 1 3 1 5 5 1 1 5 5 5 1 1 4 1 5 1 5 4 4 2 5 3 1 5 4 2 4 2 4 3 3 1 3 2 4 5 4 1 2 1 2 1 5 1 3 2 5 3 3 5 5 4 5 3 1 4 5 1 2 3 4 1 4 4 0 2 1 2 2 5 3 4 3 3 1 2 3 5 1 1 3 5 3 1 3 2 3 4 4 3 2 5 3 4 5 2 3 3 2 4 1 3 3 3 2 4 4 2 2 5 4 5 3 5 5
4 5 1 4 4 2 2 3 5 2 4 3 1 5 4 5 1 4 5 2 5 5 3 4 2 3 2 2 2 4 4 4 3 3 1 2 1 2 4 3 4 3 1 2 3 5 1 1 3 2 5 5 1 2 2 5 2 5 4 5 1 3 2 3 4 4 5 4 3 3 5 5 3 4 2 4 3 4 1 3 3 5 4 5 3 4 3 5 2 5 5 3 3 1 3 2 1 3 1 1 1 5 3 4 4 3 1 2 1 4 5 4 3 5 5 3 3 5 3 4 4 2 4 4 5 4 2 3 3 5 1 5 5 3 1 4 4 4 2 2 3 1 1 3 5 1 3 2 1 2 0 3 3 3 1 4 1 2 2 5 2 2 5 4 4 5 2 5 5 2 5 4 1 3 5 4 5 3 1 3 5 1 4 3 1 4 2 1 4 2 4 3 3 1 1 5 5 3 5 1
3 2 4 5 1 2 1 3 2 3 3 3 2 2 2 1 1 3 5 1 4 5 2 2 3 4 2 4 5 5 3 5 2 1 5 3 3 2 4 5 1 3 4 5 3 4 1 2 1 2 5 4 4 2 2 5 2 1 1 5 2 5 5 4 4 5 5 5 4 5 5 3 5 4 4 3 4 4 1 2 4 1 1 2 1 1 4 1 2 4 4 3 1 4 1 4 2 3 1 2 5 3 1 4 2 4 4 2 2 1 4 1 1 5 2 3 1 5 5 2 1 4 4 3 4 2 4 3 1 3 2 2 3 4 5 4 3 5 4 3 2 2 4 3 2 2 1 2 4 1 3 0 3 3 4 3 3 3 1 5 4 5 1 4 5 3 1 1 5 4 1 2 5 5 5 5 4 3 1 2 2 5 3 2 2 3 3 4 1 3 2 3 4 5 5 4 5 4 5 5
1 4 2 4 2 2 1 4 1 3 3 1 3 5 3 1 4 1 4 3 5 5 4 2 5 5 2 2 1 4 2 4 5 2 4 2 3 2 3 3 5 1 5 2 4 3 3 5 4 4 2 5 4 4 5 3 2 4 5 1 4 5 1 2 3 3 3 3 1 4 2 1 3 4 4 4 2 3 5 2 5 2 2 1 2 4 2 4 1 5 1 3 4 2 1 2 1 2 4 4 2 2 1 4 4 1 1 4 1 4 5 4 4 1 3 3 2 4 3 5 4 5 1 3 3 4 5 3 4 2 2 5 1 3 2 3 5 5 3 3 3 5 1 1 4 2 3 3 5 2 3 3 0 5 4 3 2 3 5 2 1 5 3 2 5 4 2 5 5 1 2 2 2 1 4 1 5 1 3 1 5 3 5 2 3 1 3 3 3 3 5 4 1 5 4 1 1 1 2 3
5 5 4 5 1 2 4 3 3 4 3 5 5 5 3 1 2 5 5 2 5 1 3 2 2 3 3 3 4 4 1 4 4 1 1 1 2 4 5 4 1 4 5 4 5 2 3 4 1 4 3 1 5 3 3 2 5 2 3 4 4 1 1 5 2 1 4 3 1 4 5 2 3 1 3 5 2 3 5 1 5 5 4 4 2 5 4 2 4 1 3 3 3 4 2 3 2 4 2 1 4 4 3 2 4 2 1 1 3 1 3 5 1 4 3 2 1 4 2 1 3 3 5 1 5 5 2 5 3 1 1 4 5 4 4 1 4 3 2 4 1 1 5 4 5 4 4 2 2 2 3 3 5 0 4 2 4 1 4 2 1 2 1 5 3 3 3 3 3 2 2 2 1 1 2 4 5 5 5 3 5 4 2 5 3 2 4 1 1 5 4 4 5 1 1 5 3 3 1 4
3 5 1 5 4 3 3 3 2 5 3 1 3 4 5 4 2 3 5 2 5 5 2 3 4 4 3 2 5 4 4 2 3 5 3 3 4 2 5 1 2 5 3 2 3 4 4 2 4 1 3 2 3 1 5 1 2 4 3 2 2 5 4 2 2 2 4 2 1 5 5 2 5 2 2 5 2 1 2 5 2 4 4 2 4 4 3 5 1 2 5 4 1 2 5 5 5 1 3 4 2 3 3 1 1 5 4 2 3 1 4 2 2 5 3 2 1 4 5 2 2 4 2 1 5 1 2 2 5 2 4 5 3 4 3 5 1 5 5 1 5 1 5 5 5 2 3 2 5 5 1 4 4 4 0 5 2 5 1 1 3 5 2 2 1 1 2 2 5 3 5 4 3 1 4 5 1 4 5 3 3 4 5 2 5 2 5 5 3 4 3 3 1 2 2 2 1 5 1 5
4 3 2 4 4 2 4 3 3 1 3 5 3 5 1 3 5 3 2 4 5 2 2 5 5 3 5 5 3 4 4 4 4 3 1 1 5 1 3 5 2 3 1 2 3 2 5 5 2 1 4 3 2 2 1 3 4 2 3 3 1 4 5 3 2 3 3 3 1 3 5 1 4 4 2 3 1 4 5 4 3 2 1 3 5 2 4 5 5 1 2 4 2 2 4 3 4 4 4 3 3 4 4 5 4 4 2 3 3 4 5 2 3 5 5 4 2 2 5 1 1 5 1 1 4 4 2 2 5 3 1 5 4 5 5 4 1 3 1 3 2 4 1 2 4 2 1 2 1 3 4 3 3 2 5 0 4 4 4 1 2 3 1 5 1 2 2 3 2 4 3 1 1 2 5 1 3 3 4 4 1 5 4 5 1 1 3 5 2 4 2 5 2 3 5 4 1 4 1 3
3 3 5 5 1 5 1 3 4 2 1 2 3 3 3 5 2 3 4 2 2 5 3 3 3 2 2 4 5 1 5 4 2 5 5 1 5 3 5 3 1 5 5 4 1 5 4 5 2 1 5 4 1 2 2 4 1 1 1 2 2 5 5 2 2 3 1 4 4 4 5 4 1 1 5 1 4 3 3 5 2 3 4 5 3 2 5 2 2 1 4 2 4 5 3 1 4 3 1 4 3 1 1 4 3 3 2 1 2 3 4 4 2 1 3 2 1 3 1 1 4 4 5 1 4 5 5 2 5 2 5 4 2 3 2 1 1 1 3 5 2 1 4 1 3 1 3 1 5 4 1 3 2 4 2 4 0 4 4 4 3 5 1 4 5 2 4 1 3 5 1 3 4 3 3 3 2 4 2 1 3 4 3 5 4 3 1 4 4 3 3 1 3 5 2 3 3 1 4 1
2 3 5 1 4 4 3 2 2 4 3 4 1 2 2 4 1 5 5 5 2 5 5 4 4 4 4 1 5 3 5 1 1 3 2 5 3 1 3 2 4 3 1 4 1 5 1 1 3 1 5 4 4 5 4 4 3 1 5 4 2 2 1 4 3 1 5 4 4 5 3 4 5 1 4 1 3 1 3 4 3 5 3 2 3 5 3 2 5 3 1 1 1 2 5 2 2 4 2 5 5 3 3 4 2 1 1 5 4 3 1 3 4 1 1 5 2 3 1 1 3 2 5 4 5 5 2 4 3 4 4 1 4 4 3 2 5 1 3 4 5 1 4 2 5 1 4 4 4 3 2 3 3 1 5 4 4 0 5 1 5 5 1 2 3 3 5 3 3 3 1 1 3 1 5 2 2 1 4 2 4 5 4 1 5 1 3 4 1 4 5 4 5 3 2 3 1 3 3 3
5 2 4 2 4 1 4 3 2 2 4 3 5 4 1 1 1 2 3 1 1 2 4 2 3 1 4 1 1 2 1 1 2 2 5 2 4 4 1 4 1 2 5 5 1 1 5 2 2 1 4 2 4 4 5 3 1 4 1 2 3 2 4 3 2 1 4 2 2 2 3 5 3 3 3 1 2 5 4 1 2 5 5 1 1 3 5 1 4 4 3 4 4 2 1 1 3 1 4 5 5 3 1 4 1 4 4 3 4 2 1 3 3 2 4 3 5 4 4 4 1 2 3 4 4 3 4 5 1 3 4 3 2 4 2 2 1 4 3 3 4 5 1 3 2 1 1 3 2 3 2 1 5 4 1 4 4 5 0 5 5 2 2 4 2 1 2 2 5 5 3 1 1 3 5 4 5 5 1 5 3 5 1 4 1 5 3 3 4 4 3 4 2 4 5 3 5 4 1 1
2 2 5 1 4 1 3 5 2 5 5 3 1 3 4 5 4 4 1 3 2 1 2 5 4 1 5 2 4 3 2 2 4 2 2 5 1 2 2 2 2 2 1 5 5 3 4 5 5 3 5 3 2 1 5 5 4 4 5 3 3 2 1 3 4 1 1 4 3 3 3 4 4 4 5 1 3 1 2 2 3 4 5 2 3 3 4 2 5 2 5 3 1 4 1 2 3 5 1 4 2 3 1 4 4 1 5 2 3 2 3 2 3 3 2 4 3 3 2 4 2 4 1 4 2 5 5 1 5 3 2 2 5 5 2 4 5 1 5 4 5 3 2 4 4 3 5 3 2 1 5 5 2 2 1 1 4 1 5 0 5 4 2 4 3 2 1 4 1 2 2 4 5 3 5 2 3 2 4 4 4 5 3 5 2 3 1 2 1 2 2 4 1 2 5 3 1 2 5 5
5 5 4 3 3 3 1 5 4 3 2 4 3 1 2 1 1 3 4 3 5 3 2 2 5 5 1 5 5 2 1 5 2 5 5 2 2 5 2 4 2 1 1 1 2 5 1 4 4 2 5 5 3 2 4 4 1 1 2 1 5 4 2 3 5 4 5 2 4 1 1 3 3 3 4 5 5 3 1 1 1 3 3 1 5 3 4 1 3 5 2 4 4 3 5 2 2 1 2 3 4 5 2 4 5 5 3 2 2 5 5 2 5 1 3 3 3 3 2 5 2 2 4 4 3 2 4 3 4 3 3 4 3 3 1 4 3 1 4 1 1 1 1 5 3 1 1 3 4 2 2 4 1 1 3 2 3 5 5 5 0 1 2 3 3 5 4 1 1 5 4 3 1 4 4 1 1 3 4 2 5 2 2 2 5 4 5 2 3 4 2 2 1 1 4 3 1 2 1 2
5 5 5 1 4 4 3 4 4 3 3 4 1 3 1 5 5 5 4 3 1 5 4 1 4 1 1 3 5 2 3 5 3 2 1 2 4 5 1 3 5 4 5 5 4 3 1 2 1 1 5 1 1 2 2 3 1 2 2 4 1 1 2 5 2 1 3 5 5 4 3 4 4 3 3 4 2 4 3 2 3 2 2 3 3 2 1 5 3 3 3 4 2 4 1 4 1 3 2 2 1 1 3 4 5 1 1 3 3 2 2 3 2 5 2 2 1 5 5 1 3 5 2 2 5 5 3 4 4 4 1 5 3 2 1 1 4 3 5 2 2 2 4 2 3 5 5 4 1 3 2 5 5 2 5 3 5 5 2 4 1 0 5 3 5 3 2 2 2 5 5 1 3 4 5 1 5 1 2 2 2 1 4 5 2 4 1 3 2 2 2 3 1 1 5 1 4 4 3 5
4 4 5 2 2 2 2 2 1 1 4 3 4 4 3 5 2 5 4 2 4 3 5 3 2 3 5 1 3 3 2 3 3 4 4 2 4 4 3 3 5 3 4 5 4 5 3 1 3 4 2 1 4 5 2 5 2 3 5 2 5 4 4 3 2 2 2 1 5 1 4 3 4 5 3 5 2 4 2 5 5 4 3 1 3 2 2 4 4 4 4 5 2 3 5 3 5 4 1 2 4 1 2 3 2 5 3 4 5 1 4 3 4 1 4 4 4 5 5 4 2 5 1 2 5 4 4 1 5 3 4 1 3 4 2 5 4 4 3 5 2 5 4 3 4 2 3 4 3 5 5 1 3 1 2 1 1 1 2 2 2 5 0 2 5 4 3 2 4 5 4 5 4 2 4 5 4 1 3 1 5 5 2 2 4 3 1 2 4 2 2 3 5 5 4 4 4 5 3 1
5 3 2 4 2 5 2 1 3 4 5 5 5 4 3 5 3 4 2 4 1 4 1 1 3 5 2 2 5 2 5 3 4 2 2 1 1 2 1 4 1 4 4 4 2 5 1 4 1 3 4 3 2 4 1 2 4 5 4 3 1 4 1 3 4 2 2 2 3 4 4 5 4 1 1 3 5 3 2 3 5 1 4 2 4 2 2 3 1 3 2 2 2 3 3 4 1 5 2 1 3 3 1 1 4 3 1 4 4 3 3 2 3 4 5 1 2 3 3 5 1 2 1 3 5 5 3 5 4 5 5 4 3 2 2 1 1 3 2 2 5 4 4 4 3 1 3 4 1 1 4 4 2 5 2 5 4 2 4 4 3 3 2 0 5 3 1 5 4 1 4 3 4 4 4 3 4 3 5 5 2 3 5 5 5 2 4 2 3 5 4 4 4 5 4 1 4 1 2 4
3 5 5 2 3 2 1 3 5 4 2 5 4 3 2 2 2 4 1 3 2 3 3 4 3 4 5 5 4 3 1 1 3 3 4 1 5 3 5 2 1 2 2 4 1 4 1 4 2 4 5 3 3 2 5 1 3 2 2 5 4 2 2 4 5 5 1 5 4 2 3 2 1 1 4 1 4 1 2 4 2 3 5 2 3 1 3 4 1 2 2 1 1 3 4 5 5 1 1 3 4 3 2 1 2 3 3 5 5 4 5 4 2 1 1 4 2 4 3 3 1 3 2 4 4 2 5 4 1 2 5 4 1 1 2 5 2 2 4 5 2 3 5 2 1 4 4 2 3 1 4 5 5 3 1 1 5 3 2 3 3 5 5 5 0 3 4 5 5 1 4 3 4 2 3 3 1 3 3 2 4 2 5 5 3 4 1 5 4 5 3 5 5 5 1 1 2 4 3 2
4 4 1 2 5 1 1 4 2 2 1 2 2 3 1 2 1 1 1 1 4 1 2 3 1 4 4 2 5 5 3 2 3 2 2 2 3 1 5 2 4 4 2 2 1 3 5 1 3 3 3 1 3 2 4 3 4 5 1 1 3 4 4 1 5 1 3 3 5 1 5 3 4 3 3 4 5 1 4 4 1 2 1 2 2 1 2 2 3 4 3 4 2 2 1 1 3 1 5 4 2 4 3 3 5 1 1 5 5 2 5 1 5 5 5 3 4 2 3 3 3 2 1 3 1 3 2 2 2 2 4 4 1 3 4 2 2 3 5 2 1 3 2 2 4 3 3 1 4 3 5 3 4 3 1 2 2 3 1 2 5 3 4 3 3 0 5 3 4 5 1 3 5 3 3 3 2 4 4 2 2 3 2 4 1 5 4 4 2 4 2 5 5 2 4 1 1 4 1 5
2 1 1 5 2 2 2 2 5 4 2 4 5 5 4 5 3 2 3 4 1 3 5 5 2 4 4 1 3 1 4 5 3 4 3 1 1 5 4 4 5 1 1 5 3 1 3 3 1 4 4 1 2 4 1 5 1 4 4 3 5 1 4 5 2 5 4 3 2 5 3 3 5 2 4 4 2 3 2 4 3 5 1 5 5 5 4 4 1 5 2 4 5 1 1 1 1 5 5 4 5 5 1 4 1 3 3 5 2 3 4 5 3 3 2 4 1 2 2 5 4 4 1 3 4 1 2 5 1 5 2 1 1 2 4 1 4 1 2 4 3 5 2 3 4 1 4 5 4 5 2 1 2 3 2 2 4 5 2 1 4 2 3 1 4 5 0 5 4 2 5 5 2 2 1 1 2 2 3 4 1 1 2 5 2 5 1 1 5 1 4 1 3 5 4 5 1 2 1 2
1 1 2 4 1 3 1 5 2 3 1 3 4 1 2 4 1 5 1 3 5 4 2 3 2 2 2 3 1 2 2 2 3 4 5 5 2 1 2 3 1 1 1 4 2 5 2 2 2 1 3 5 2 1 5 3 4 4 4 3 2 1 2 4 3 1 5 5 1 1 4 5 2 5 2 3 1 4 4 3 4 5 2 5 4 4 1 1 3 5 2 4 4 5 1 4 3 4 2 4 1 2 5 4 4 1 4 3 3 4 1 1 5 5 4 1 1 3 3 2 3 2 3 3 3 3 4 4 4 3 3 2 1 3 1 2 3 4 2 1 5 3 3 4 5 3 2 3 1 3 5 1 5 3 2 3 1 3 2 4 1 2 2 5 5 3 5 0 2 2 5 3 2 5 1 1 5 5 3 3 2 3 5 2 5 2 1 2 5 1 4 3 4 3 4 1 5 4 5 2
2 5 1 2 1 5 4 2 1 1 1 3 1 2 3 1 2 1 1 1 3 5 2 3 5 5 2 3 2 5 4 2 5 4 2 1 3 4 4 3 1 5 5 4 5 3 1 2 2 4 5 5 1 4 3 1 3 5 5 2 4 1 5 3 2 4 1 3 1 5 5 3 4 2 4 4 1 2 2 5 5 4 2 1 3 5 3 5 3 2 3 4 3 5 1 2 2 1 5 1 5 4 1 2 5 4 1 5 2 1 1 5 5 4 1 2 5 4 1 5 4 2 3 1 5 5 5 4 1 3 1 1 2 3 1 2 2 1 5 3 2 4 2 5 1 2 2 2 2 1 5 5 5 3 5 2 3 3 5 1 1 2 4 4 5 4 4 2 0 3 5 2 2 5 4 1 2 4 3 2 3 5 3 3 2 5 4 2 3 4 2 5 1 3 3 5 5 4 1 1
3 5 3 5 2 3 1 3 4 3 4 3 4 5 2 3 5 4 1 2 4 3 5 3 1 4 1 2 5 5 2 3 3 2 4 1 1 4 1 1 1 3 4 4 1 1 1 1 5 2 5 4 4 5 2 4 2 4 2 5 3 1 1 3 4 5 1 4 5 2 2 1 2 5 1 2 4 3 5 2 1 1 3 4 2 4 4 5 3 1 4 1 2 2 3 1 3 3 4 5 4 3 1 1 1 3 5 2 2 2 1 1 3 5 3 5 5 3 1 4 5 2 2 1 1 3 2 2 4 2 5 5 2 1 5 2 5 3 4 3 4 3 5 2 5 2 4 5 3 3 2 4 1 2 3 4 5 3 5 2 5 5 5 1 1 5 2 2 3 0 5 1 4 4 2 1 2 2 3 3 4 3 2 2 1 1 1 4 2 1 1 3 3 4 4 4 1 4 3 2
3 3 1 5 5 1 1 1 4 1 4 4 3 4 3 2 4 3 4 3 3 3 4 1 1 1 3 2 1 3 4 5 5 5 1 3 5 3 3 1 3 5 5 4 2 5 4 4 2 1 1 5 2 3 4 4 1 3 5 3 4 4 5 2 1 1 2 5 5 1 4 5 2 1 2 4 1 1 1 4 4 1 1 5 2 3 5 5 5 5 5 3 3 1 2 4 5 5 4 2 1 1 1 3 3 5 1 3 2 5 5 5 4 3 5 1 2 3 2 3 2 1 4 4 1 2 5 2 5 4 2 3 3 2 5 4 5 2 5 3 2 2 4 4 5 3 5 4 5 2 5 1 2 2 5 3 1 1 3 2 4 5 4 4 4 1 5 5 5 5 0 5 1 5 3 5 3 1 3 2 2 2 3 4 3 3 3 3 5 2 2 3 1 4 2 2 5 1 2 4
4 2 2 1 4 2 2 1 2 4 3 4 1 2 2 2 3 5 5 4 4 3 4 3 2 5 3 3 1 5 1 1 1 1 4 1 5 1 1 4 2 4 5 2 5 2 3 3 1 5 1 5 3 3 2 4 1 3 3 4 5 4 3 2 1 4 2 2 3 5 4 4 4 1 1 2 4 2 3 5 5 2 2 3 2 1 3 5 2 5 3 4 5 3 2 4 2 5 3 5 4 1 3 3 1 4 5 3 4 4 2 2 4 3 4 4 1 4 5 2 5 1 1 1 3 4 5 5 5 5 5 1 3 5 5 4 5 5 5 2 2 2 5 3 5 5 5 5 5 3 4 2 2 2 4 1 3 1 1 4 3 1 5 3 3 3 5 3 2 1 5 0 2 2 2 2 5 5 3 2 1 4 4 4 3 2 2 5 1 1 3 5 3 2 3 2 1 5 3 2
2 5 3 1 5 4 4 4 5 2 4 1 1 5 1 3 5 5 2 5 2 3 4 1 2 3 5 1 5 5 3 1 3 1 2 2 4 1 5 1 2 2 5 2 4 5 4 1 5 3 4 5 1 3 1 1 5 3 1 5 3 4 1 3 5 2 2 1 3 4 4 4 2 3 3 5 2 3 2 1 2 3 2 2 1 4 3 4 4 1 1 1 1 2 4 5 5 2 5 2 3 1 2 1 2 5 1 5 2 2 4 3 3 2 2 5 2 5 3 5 3 1 5 5 3 2 5 3 1 1 3 3 1 1 3 2 2 4 3 5 2 1 2 2 2 2 4 5 5 4 1 5 2 1 3 1 4 3 1 5 1 3 4 4 4 5 2 2 2 4 1 2 0 4 5 1 4 1 5 4 2 5 1 5 4 3 4 3 5 1 1 1 1 3 5 2 3 1 2 4
4 3 1 4 2 4 4 4 2 2 4 1 2 2 4 5 5 2 4 5 2 3 4 1 5 1 4 5 4 4 2 4 3 2 1 3 1 5 1 5 2 4 5 5 4 1 5 1 4 1 2 2 5 5 5 5 5 3 1 1 1 5 3 2 2 2 1 3 3 4 1 2 3 5 2 5 1 1 1 1 5 5 2 5 1 4 2 5 4 4 5 4 3 4 1 1 1 1 4 1 5 5 1 1 3 1 4 2 3 3 2 3 2 4 5 4 2 1 1 1 3 5 1 1 1 1 2 2 2 4 3 3 4 5 5 2 1 2 2 2 4 2 5 1 5 4 5 5 4 4 3 5 1 1 1 2 3 1 3 3 4 4 2 4 2 3 2 5 5 4 5 2 4 0 2 5 3 2 1 1 5 1 3 3 1 3 2 2 2 3 5 1 2 5 4 1 1 3 3 1
1 4 4 4 3 3 5 1 3 5 5 4 1 4 1 1 5 2 1 1 3 3 2 4 5 5 1 4 5 5 3 4 4 2 3 3 5 3 3 2 2 5 4 4 2 5 4 1 4 1 2 3 3 4 5 1 4 2 5 4 2 2 1 4 1 1 1 5 5 4 1 4 4 3 4 5 2 1 5 2 2 5 3 1 3 3 4 3 3 4 1 2 2 5 4 3 2 2 1 2 4 3 1 5 3 4 4 1 5 5 4 4 5 2 4 4 3 5 2 3 5 2 3 3 5 3 5 1 4 4 2 1 3 5 3 4 2 3 1 4 3 1 2 2 4 3 5 5 1 3 5 5 4 2 4 5 3 5 5 5 4 5 4 4 3 3 1 1 4 2 3 2 5 2 0 2 4 4 4 1 4 5 1 3 1 5 2 4 2 3 3 1 5 3 2 2 3 1 5 5
5 4 5 3 1 3 4 5 1 1 2 5 3 5 4 5 3 5 1 1 1 5 5 1 1 4 2 4 3 2 4 2 2 2 4 2 5 2 1 4 2 5 3 4 3 2 5 4 3 1 1 1 2 1 5 3 2 3 3 4 5 1 1 3 3 1 4 4 1 4 5 4 5 3 3 5 3 1 2 2 3 2 4 1 1 4 5 2 4 1 1 2 1 2 4 2 5 3 5 2 4 4 2 3 4 4 3 5 1 4 3 5 2 5 4 1 5 3 2 2 2 1 4 5 2 4 3 1 2 2 5 5 5 4 5 3 1 4 4 4 3 4 2 5 2 2 2 5 2 2 4 5 1 4 5 1 3 2 4 2 1 1 5 3 3 3 1 1 1 1 5 2 1 5 2 0 2 5 5 2 5 2 3 5 2 3 2 2 2 5 5 1 4 5 1 3 5 3 5 1
4 3 4 1 3 1 3 2 2 2 4 4 2 3 3 1 2 5 2 3 3 2 5 4 3 2 2 5 5 1 5 3 4 4 1 2 2 5 3 1 4 5 5 5 3 4 4 1 3 1 2 2 5 2 4 2 1 5 4 5 2 5 2 1 4 4 1 2 2 3 2 2 5 1 4 5 1 5 5 3 1 2 5 1 4 3 4 5 4 5 1 5 2 2 2 5 5 1 3 5 2 4 3 3 4 5 1 2 4 5 5 1 5 1 2 4 4 2 3 4 2 5 3 2 4 3 3 5 1 1 2 4 3 1 4 2 5 1 5 5 3 1 4 1 1 5 5 4 2 5 5 4 5 5 1 3 2 2 5 3 1 5 4 4 1 2 2 5 2 2 3 5 4 3 4 2 0 4 2 4 5 1 2 1 4 5 5 3 1 2 1 2 5 1 1 4 4 3 5 4
3 2 5 4 1 4 1 4 4 2 2 3 2 4 2 2 1 4 5 2 1 5 3 1 2 4 2 1 1 2 5 5 3 1 1 5 2 5 3 5 4 5 3 5 4 1 5 2 2 2 2 4 4 5 1 1 2 5 5 3 2 5 2 4 1 4 2 3 1 3 4 2 3 4 4 2 5 1 5 3 4 1 1 4 2 3 3 1 2 4 4 2 1 2 4 5 5 4 5 5 3 5 3 1 1 5 4 3 4 3 3 4 5 2 3 4 5 2 1 1 4 4 4 3 1 3 5 2 5 5 4 3 5 5 3 5 2 4 3 4 1 1 3 5 5 2 5 1 4 3 3 3 1 5 4 3 4 1 5 2 3 1 1 3 3 4 2 5 4 2 1 5 1 2 4 5 4 0 1 3 4 3 4 2 1 4 2 2 3 4 4 3 2 1 4 2 2 4 1 2
1 4 1 5 5 5 5 1 3 5 3 2 1 2 2 3 2 3 2 5 2 2 1 2 3 5 1 4 4 2 1 2 5 3 5 3 5 4 5 1 1 1 3 3 5 5 1 1 5 2 3 4 5 1 3 5 2 2 1 4 2 4 2 5 4 4 1 1 3 5 2 2 4 3 3 4 4 4 4 2 5 1 1 3 1 3 4 5 3 2 3 1 5 4 1 2 2 2 5 3 1 1 3 2 1 3 5 3 1 5 4 2 5 3 4 1 1 4 4 4 1 1 1 3 3 1 3 2 1 3 3 5 4 5 4 5 2 4 5 3 2 5 3 2 4 1 5 4 4 4 1 1 3 5 5 4 2 4 1 4 4 2 3 5 3 4 3 3 3 3 3 3 5 1 4 5 2 1 0 3 5 4 3 5 2 2 4 2 1 4 1 2 1 3 5 5 1 3 2 4
2 3 3 2 3 3 4 2 1 2 1 1 5 3 1 1 4 5 4 2 2 3 5 1 1 1 4 1 5 1 4 4 1 3 1 2 3 3 4 5 3 2 2 5 2 4 1 5 3 2 1 2 4 4 1 1 4 5 3 5 2 1 4 2 1 2 3 5 5 5 1 2 4 4 5 2 4 5 5 4 1 4 5 4 5 5 3 4 3 1 4 5 3 3 5 2 5 4 5 2 2 5 1 2 2 2 1 5 2 4 5 2 2 1 5 4 4 1 3 2 1 4 1 3 5 4 2 1 5 1 2 5 1 3 3 5 5 1 5 3 2 3 5 1 1 1 1 5 4 5 3 2 1 3 3 4 1 2 5 4 2 2 1 5 2 2 4 3 2 3 2 2 4 1 1 2 4 3 3 0 5 4 3 2 5 4 3 1 1 3 3 3 3 1 1 2 1 4 5 2
5 4 2 3 4 1 1 4 4 3 3 2 5 5 3 2 5 5 4 1 5 4 1 3 5 5 3 3 5 4 4 4 1 1 5 5 2 3 4 5 1 3 5 1 2 5 5 4 1 2 3 2 3 1 4 1 4 3 2 1 1 1 1 1 2 1 5 4 5 5 1 1 3 1 5 3 4 1 3 2 2 5 2 4 1 4 3 4 2 2 4 3 3 5 3 4 4 3 5 2 3 1 1 4 2 2 1 2 2 1 2 5 3 4 5 4 4 3 4 4 2 1 3 1 2 2 5 3 1 3 2 2 2 3 5 2 2 1 5 1 5 2 1 2 3 1 3 2 5 2 5 2 5 5 3 1 3 4 3 4 5 2 5 2 4 2 1 2 3 4 2 1 2 5 4 5 5 4 5 5 0 5 5 5 5 4 4 1 2 1 1 1 2 1 2 3 4 3 1 2
5 2 4 2 3 3 2 4 3 4 3 1 1 3 1 3 2 4 2 1 1 3 2 5 4 1 4 1 2 4 4 3 2 2 4 2 1 2 2 1 3 4 5 3 1 2 1 3 3 2 3 5 1 1 4 5 5 1 2 4 3 1 2 2 3 4 2 4 5 1 4 4 1 3 5 3 4 1 3 2 5 1 1 2 4 4 2 4 2 4 5 4 2 2 5 1 1 4 4 4 5 4 1 2 5 1 2 3 1 1 2 3 1 2 5 2 1 1 3 5 4 5 5 4 2 5 3 5 1 5 1 3 3 5 1 5 3 4 5 5 3 1 2 3 4 5 3 1 4 3 1 5 3 4 4 5 4 5 5 5 2 1 5 3 2 3 1 3 5 3 2 4 5 1 5 2 1 3 4 4 5 0 2 4 3 3 2 5 4 1 1 1 3 2 5 3 3 4 5 4
2 2 4 1 4 2 4 2 3 1 2 1 4 2 5 4 4 5 3 3 3 4 2 1 5 4 3 3 3 4 4 2 2 1 4 2 2 3 2 3 4 1 1 2 5 1 3 2 2 2 3 4 3 2 2 3 3 5 4 3 1 5 1 1 3 4 5 4 4 2 1 4 2 5 3 2 3 2 3 5 1 1 4 5 1 2 1 4 4 3 4 2 4 4 1 5 3 4 5 1 4 2 4 5 2 4 3 2 5 3 5 4 3 4 3 4 3 2 2 5 4 5 2 4 2 4 4 1 2 1 3 2 1 2 2 5 3 1 5 5 2 4 4 3 2 4 2 2 1 3 4 3 5 2 5 4 3 4 1 3 2 4 2 5 5 2 2 5 3 2 3 4 1 3 1 3 2 4 3 3 5 2 0 3 5 3 5 5 3 4 2 3 2 5 5 1 5 5 4 1
3 5 1 5 3 3 3 2 5 3 2 4 4 5 4 3 3 3 1 3 3 2 4 4 4 5 5 2 1 3 5 3 2 2 2 2 2 2 2 4 5 2 1 5 4 2 3 5 1 3 5 1 5 1 1 2 2 3 1 3 4 5 3 2 2 4 4 3 4 5 2 3 2 4 3 5 3 5 5 1 3 5 2 1 3 3 2 2 2 5 4 4 5 5 4 1 1 1 5 4 5 3 5 3 5 1 4 2 3 5 1 4 5 1 1 2 1 1 2 4 3 4 2 2 1 1 3 1 5 4 3 2 1 1 1 1 3 2 5 1 4 1 2 1 3 5 3 5 5 2 3 2 2 5 2 5 5 1 4 5 2 5 2 5 5 4 5 2 3 2 4 4 5 3 3 5 1 2 5 2 5 4 3 0 3 1 1 1 4 4 1 5 3 5 4 3 1 5 1 4
3 5 4 3 1 5 2 4 2 4 3 4 1 4 4 5 1 1 1 5 2 1 3 3 3 4 1 1 2 4 4 4 5 1 2 5 5 2 4 2 2 1 4 1 4 4 4 4 2 3 1 1 3 5 1 5 2 3 2 1 1 2 1 2 5 3 3 4 2 4 2 2 3 3 1 3 2 4 1 5 5 5 1 3 1 3 3 1 4 1 3 2 2 1 2 2 1 3 5 1 4 1 4 1 2 4 2 4 4 5 5 5 2 4 4 3 2 2 3 1 2 1 2 1 4 2 2 2 2 1 3 4 2 3 2 5 2 1 3 2 1 3 4 2 4 2 1 5 1 4 1 2 3 3 5 1 4 5 1 2 5 2 4 5 3 1 2 5 2 1 3 3 4 1 1 2 4 1 2 5 5 3 5 3 0 3 2 5 4 4 4 1 5 2 2 2 5 3 5 1
5 3 1 4 3 1 3 4 2 4 4 2 5 2 1 1 5 1 2 4 5 4 3 4 4 2 5 2 5 5 3 2 4 5 4 4 4 5 1 5 4 4 5 2 5 3 1 2 4 5 2 1 1 5 1 4 5 4 3 2 2 5 2 1 5 2 3 2 3 5 2 2 3 5 2 1 3 5 3 2 5 2 2 2 2 3 3 1 1 1 5 1 5 5 1 1 5 5 5 5 1 5 3 3 2 5 3 5 1 1 4 1 5 5 4 1 5 2 5 5 4 3 1 2 1 3 4 1 1 3 1 1 4 4 1 1 5 1 2 3 4 5 3 1 3 3 5 3 5 1 4 3 1 2 2 1 3 1 5 3 4 4 3 2 4 5 5 2 5 1 3 2 3 3 5 3 5 4 2 4 4 3 3 1 3 0 5 4 4 2 2 5 4 5 1 4 5 5 5 1
2 3 5 3 1 2 3 5 3 3 5 3 3 5 1 5 4 3 3 5 3 4 1 1 1 2 1 2 3 5 3 2 4 3 2 4 5 4 5 5 3 3 2 2 2 5 3 1 5 1 2 2 4 1 4 5 5 5 2 5 1 2 3 4 5 4 4 5 3 5 2 1 3 5 1 5 2 1 3 2 4 5 4 4 3 3 3 3 5 5 1 4 5 2 3 1 3 5 5 1 1 5 1 3 5 1 5 1 2 4 2 2 4 3 5 3 4 3 2 2 2 4 3 5 3 4 2 2 1 2 5 4 1 5 1 3 1 3 1 5 1 4 2 3 1 2 3 1 4 3 2 3 3 4 5 3 1 3 3 1 5 1 1 4 1 4 1 1 4 1 3 2 4 2 2 2 5 2 4 3 4 2 5 1 2 5 0 4 1 5 5 4 2 4 5 2 1 5 4 1
5 5 3 3 3 2 1 3 5 5 4 4 4 4 2 4 4 3 5 3 5 5 2 3 1 3 1 3 1 4 4 3 1 4 3 1 2 3 4 2 4 4 1 4 3 4 1 3 2 3 4 3 2 2 4 2 2 5 3 5 5 4 1 1 1 5 5 1 3 1 2 3 1 2 4 3 1 3 5 2 5 1 2 2 3 5 4 4 3 1 1 4 2 5 5 5 1 5 2 2 4 5 2 3 5 4 1 3 1 4 5 2 5 1 1 1 5 2 2 3 5 3 4 3 5 4 3 2 4 4 5 2 2 1 4 2 2 2 4 1 1 2 4 5 5 5 2 4 1 3 1 4 3 1 5 5 4 4 3 2 2 3 2 2 5 4 1 2 2 4 3 5 3 2 4 2 3 2 2 1 1 5 5 1 5 4 4 0 3 5 2 5 3 5 1 3 2 1 5 1
5 2 1 3 4 3 3 5 1 3 2 2 1 3 5 5 5 1 2 2 4 4 1 5 3 4 3 3 2 3 1 5 4 1 2 2 4 5 4 4 1 5 3 1 5 3 4 2 4 3 4 1 5 1 5 1 3 3 5 4 3 2 3 5 3 3 4 1 5 1 5 2 4 5 5 1 1 5 1 2 4 1 2 1 5 5 3 1 2 3 3 5 5 2 2 2 3 3 3 4 4 3 2 5 1 3 5 5 1 1 1 5 2 1 4 3 2 5 4 1 2 3 5 2 2 2 1 2 4 1 3 2 1 4 2 4 1 2 2 1 2 1 1 3 3 2 3 2 5 3 4 1 3 1 3 2 4 1 4 1 3 2 4 3 4 2 5 5 3 2 5 1 5 2 2 2 1 3 1 1 2 4 3 4 4 4 1 3 0 3 5 2 2 3 4 3 1 2 1 1
3 3 5 4 2 2 4 3 5 4 5 1 5 4 5 4 4 3 5 4 1 3 5 3 1 1 2 1 2 5 1 2 1 3 4 3 3 5 3 3 3 3 1 3 4 4 4 5 5 3 5 1 4 5 4 3 5 4 2 1 5 5 2 1 2 4 5 1 3 1 5 5 2 2 1 2 5 3 2 2 1 2 5 4 5 5 2 2 1 4 2 2 2 4 4 3 5 5 1 1 3 5 3 2 4 3 2 3 4 3 5 2 4 5 5 5 5 2 3 2 5 3 5 5 4 3 3 4 1 3 3 1 5 2 3 4 1 3 4 3 5 2 2 4 2 3 3 3 3 2 2 3 3 5 4 4 3 4 4 2 4 2 2 5 5 4 1 1 4 1 2 1 1 3 3 5 2 4 4 3 1 1 4 4 4 2 5 5 3 0 1 4 5 5 3 3 5 4 2 2
2 2 5 3 5 4 3 1 5 2 2 5 2 3 2 5 2 5 5 5 4 2 2 4 4 1 5 5 3 3 5 5 1 4 3 5 5 1 3 1 2 2 5 5 1 2 5 3 1 5 5 1 3 5 4 2 5 2 2 5 4 5 3 5 2 4 4 5 3 1 5 3 5 1 3 2 4 1 2 1 2 5 3 5 4 2 1 1 5 3 4 3 4 3 5 4 1 3 2 3 5 4 2 4 3 1 3 5 3 1 3 2 4 4 3 5 1 2 4 1 2 4 5 3 1 3 1 4 4 5 5 4 1 2 2 4 3 4 5 5 4 4 3 5 4 3 2 4 5 4 4 2 5 4 3 2 3 5 3 2 2 2 2 4 3 2 4 4 2 1 2 3 1 5 3 5 1 4 1 3 1 1 2 1 4 2 5 2 5 1 0 3 4 1 2 5 4 3 5 1
3 4 5 2 1 3 5 3 5 5 3 3 1 1 1 3 4 4 1 1 3 1 4 3 4 4 5 5 5 2 4 5 4 3 1 1 5 4 4 1 3 4 3 2 4 4 5 4 5 2 3 5 4 4 2 4 3 4 1 3 5 4 1 2 2 5 1 5 4 1 3 5 2 1 3 1 3 4 1 3 3 1 1 4 3 2 4 5 3 2 1 4 1 4 3 4 3 4 1 2 2 1 5 4 5 2 5 1 5 3 1 3 4 5 4 3 4 3 1 5 1 2 2 5 5 5 2 2 1 2 3 1 1 3 4 1 2 1 5 2 5 2 4 4 5 4 1 2 2 4 3 3 4 4 3 5 1 4 4 4 2 3 3 4 5 5 1 3 5 3 3 5 1 1 1 1 2 3 2 3 1 1 3 5 1 5 4 5 2 4 3 0 5 4 3 5 3 3 1 1
5 4 4 4 1 3 4 5 5 4 2 4 5 3 5 2 3 3 3 1 5 1 3 3 5 4 1 4 2 3 2 4 3 1 5 2 5 3 1 4 2 3 5 2 1 2 1 2 3 2 1 1 5 5 1 1 4 3 4 4 2 5 1 3 5 1 4 3 5 4 5 5 1 1 1 4 5 1 3 2 3 1 3 2 2 3 5 2 2 5 5 4 2 3 5 5 1 2 3 3 2 2 2 5 3 2 2 2 1 4 5 3 2 3 2 1 3 3 4 5 4 5 4 3 5 3 2 2 2 5 2 3 4 4 4 1 1 5 2 3 3 1 4 5 4 5 5 4 2 2 3 4 1 5 1 2 3 5 2 1 1 1 5 4 5 5 3 4 1 3 1 3 1 2 5 4 5 2 1 3 2 3 2 3 5 4 2 3 2 5 4 5 0 5 2 5 3 3 4 4
4 3 4 4 4 1 2 1 5 2 1 2 5 1 5 3 1 5 3 3 5 1 3 3 5 2 5 5 1 2 2 1 3 4 5 3 4 5 1 4 5 4 3 3 3 3 5 1 3 5 3 2 2 5 4 1 1 5 5 2 4 1 4 3 1 2 5 1 5 2 1 4 3 3 2 4 3 5 5 4 3 3 3 5 4 4 2 5 3 2 4 3 3 1 5 4 1 4 5 1 4 3 4 4 5 3 1 3 5 4 4 3 2 2 2 5 5 3 3 3 1 1 2 5 3 3 4 5 5 3 3 4 3 3 4 4 2 3 3 2 3 2 5 5 5 4 2 1 4 2 1 5 5 1 2 3 5 3 4 2 1 1 5 5 5 2 5 3 3 4 4 2 3 5 3 5 1 1 3 1 1 2 5 5 2 5 4 5 3 5 1 4 5 0 2 4 5 2 3 1
3 2 2 1 3 2 3 2 5 5 3 2 2 4 2 4 4 2 3 1 2 5 2 1 2 2 4 5 2 3 2 3 3 3 2 2 3 1 1 4 2 5 2 5 5 4 4 1 2 3 3 5 2 2 2 5 1 1 1 5 5 3 3 4 4 5 4 4 2 5 1 2 3 1 3 4 3 5 1 1 3 5 2 2 2 3 4 1 3 4 5 3 5 1 4 2 3 4 2 1 5 4 5 1 2 4 2 1 3 5 1 2 3 3 1 4 5 1 1 3 5 1 5 2 2 5 1 3 2 2 4 1 2 3 5 1 3 5 2 4 4 4 4 4 1 3 3 2 3 5 1 5 4 1 2 5 2 2 5 5 4 5 4 4 1 4 4 4 3 4 2 3 5 4 2 1 1 4 5 1 2 5 5 4 2 1 5 1 4 3 2 3 2 2 0 5 2 2 4 2
1 4 5 4 3 4 1 3 4 1 2 1 4 1 3 5 2 3 5 5 5 5 2 2 1 4 2 2 5 1 4 4 3 3 1 4 3 2 3 3 1 5 3 2 2 3 5 1 4 1 3 4 2 4 5 2 1 4 4 3 4 4 2 5 5 3 4 1 3 1 5 3 2 5 1 2 5 5 2 1 5 4 2 4 3 1 1 2 2 4 1 2 2 4 2 3 3 2 1 5 3 4 1 2 4 3 4 2 5 2 1 4 2 1 1 1 2 5 4 3 1 5 5 1 2 1 1 5 3 2 2 5 5 3 2 1 4 4 1 2 5 5 3 2 1 4 4 1 5 4 5 4 1 5 2 4 3 3 3 3 3 1 4 1 1 1 5 1 5 4 2 2 2 1 2 3 4 2 5 2 3 3 1 3 2 4 2 3 3 3 5 5 5 4 5 0 2 5 4 2
3 3 5 2 5 2 5 1 4 5 1 5 5 3 4 1 5 2 4 3 4 3 1 2 4 1 1 5 4 3 3 4 5 2 1 1 1 1 5 5 5 2 2 3 2 3 2 5 1 2 3 1 2 3 2 1 1 4 5 2 2 2 2 3 1 1 4 4 4 2 3 3 2 3 3 5 3 2 5 3 1 1 5 5 4 2 2 2 1 2 2 3 5 2 2 5 4 3 3 3 2 3 4 3 1 3 3 4 2 4 1 5 4 1 1 2 4 1 2 3 2 5 3 1 3 4 5 2 5 4 2 3 5 1 4 5 5 2 3 2 5 1 4 2 5 3 4 2 2 5 5 5 1 3 1 1 3 1 5 1 1 4 4 4 2 1 1 5 5 1 5 1 3 1 3 5 4 2 1 1 4 3 5 1 5 5 1 2 1 5 4 3 3 5 2 2 0 3 4 4
5 1 3 3 1 3 2 2 4 2 2 5 3 1 2 2 1 5 4 2 2 2 4 2 4 3 3 2 2 4 2 4 5 1 5 2 3 5 2 2 4 5 4 5 2 2 1 4 1 3 3 3 1 5 4 2 1 1 3 2 3 5 3 3 2 2 2 1 2 2 5 2 4 5 5 5 5 2 5 4 3 3 4 5 2 4 4 2 5 5 3 2 1 3 4 3 2 1 1 2 1 2 2 1 2 2 3 1 3 1 4 3 5 2 1 3 1 1 1 4 2 1 1 4 5 5 2 5 4 4 2 4 2 2 1 5 1 4 4 4 1 5 5 2 2 3 1 1 4 3 3 4 1 3 5 4 1 3 4 2 2 4 5 1 4 4 2 4 4 4 1 5 1 3 1 3 3 4 3 4 3 4 5 5 3 5 5 1 2 4 3 3 3 2 2 5 3 0 3 3
2 1 4 1 4 1 1 4 2 5 3 3 2 3 2 1 5 1 4 5 3 5 2 5 5 2 2 2 5 2 1 3 2 4 1 5 2 4 1 4 4 5 3 1 1 5 2 3 1 4 3 1 3 4 3 2 1 1 5 3 4 3 5 2 2 2 1 1 4 5 2 4 4 4 4 5 3 1 3 5 4 5 2 5 1 1 1 5 5 4 3 5 2 1 3 2 5 5 3 4 2 4 2 3 3 4 2 1 4 3 2 4 4 4 1 4 3 3 2 5 2 2 3 2 1 1 2 2 4 3 3 1 3 2 3 1 3 2 5 1 3 1 1 5 2 2 3 2 5 5 5 5 2 1 1 1 4 3 1 5 1 3 3 2 3 1 1 5 1 3 2 3 2 3 5 5 5 1 2 5 1 5 4 1 5 5 4 5 1 2 5 1 4 3 4 4 4 3 0 2
2 3 3 3 2 2 1 5 2 5 3 1 3 3 5 2 2 3 2 1 5 4 1 1 2 3 3 2 5 2 1 5 2 2 1 3 3 3 3 2 2 1 3 2 1 3 2 3 5 3 1 1 2 2 3 5 1 5 5 1 3 5 1 2 4 4 4 1 3 2 3 1 4 5 2 3 2 5 2 3 2 1 3 3 4 3 2 2 1 5 2 1 3 4 4 2 5 3 4 1 1 3 1 2 1 2 2 4 4 3 1 3 5 4 5 3 4 3 3 5 4 2 3 2 5 2 5 1 3 5 5 5 5 3 5 5 4 3 1 3 1 1 4 1 5 2 4 5 2 5 1 5 3 4 5 3 1 3 1 5 2 5 1 4 2 5 2 2 1 2 4 2 4 1 5 1 4 2 4 2 2 4 1 4 1 1 1 1 1 2 1 1 4 1 2 2 4 3 2 0
